# Number of parameters = 1378 Objective function value = 6973.55690124364  Maximum gradient component = 0.110965783673422
# log_avgrec:
9.64390816084
# log_avg_F:
-1.54159335744
# natmort_phi:
0.00000000000
# log_q_bts:
-3.41673470746e-11
# log_q_std_area:
-0.600000000000
# bt_slope:
0.00000000000
# log_q_ats:
-0.610213286933
# log_Rzero:
10.1161070871
# steepness:
0.596638264096
# log_q_cpue:
-0.358766935907
# log_q_avo:
-8.13969003271
# log_initdevs:
 -0.408286375674 -0.471913617833 -1.11697472117 -1.23962435685 -0.824206737317 -0.934801421310 -1.00683329845 -0.927277272770 -0.798413939476 -0.679490964308 -0.570855452088 -0.472830872297 -0.385815183868 -0.760594973035
# log_rec_devs:
 -0.884817085729 0.373382001925 0.0366891717378 0.573871279662 0.405941527761 0.564482915516 0.452019418648 -0.0557317541387 -0.267758538152 0.586415895414 0.298607449967 0.183556216228 -0.0253601942244 0.0841320894521 0.721693153991 1.51765606451 0.591640708912 0.690448212838 0.114006441834 1.10687883968 -0.179900971090 0.688391500153 -0.236485483671 -0.799352238914 -1.04375309771 -0.289105055671 1.18308260760 0.557853937551 0.406088419250 1.08505349624 0.00911388126493 -0.344499469168 0.385264595893 0.687413066893 -0.0199308810271 0.0626784560075 0.483506723379 0.809048266125 0.401571092503 -0.0735700126876 -0.890234963699 -1.26168520565 -0.360150726054 0.388374835726 -0.307118130173 1.01036573479 0.234463878449 -0.233834269096 -0.330744346611 0.972212572619 1.08421240901 0.200841282976 -0.790319519249 -0.757037904245 -0.00653166654399 1.60364917905 0.200366542037 -0.418665803494 -0.408721411783 -0.0752137201368 -0.0965337882771
# larv_rec_devs:
 0.00000000000 0.00000000000 0.00000000000 0.00000000000 0.00000000000 0.00000000000 0.00000000000 0.00000000000 0.00000000000 0.00000000000 0.00000000000
 0.00000000000 0.00000000000 0.00000000000 0.00000000000 0.00000000000 0.00000000000 0.00000000000 0.00000000000 0.00000000000 0.00000000000 0.00000000000
 0.00000000000 0.00000000000 0.00000000000 0.00000000000 0.00000000000 0.00000000000 0.00000000000 0.00000000000 0.00000000000 0.00000000000 0.00000000000
 0.00000000000 0.00000000000 0.00000000000 0.00000000000 0.00000000000 0.00000000000 0.00000000000 0.00000000000 0.00000000000 0.00000000000 0.00000000000
 0.00000000000 0.00000000000 0.00000000000 0.00000000000 0.00000000000 0.00000000000 0.00000000000 0.00000000000 0.00000000000 0.00000000000 0.00000000000
 0.00000000000 0.00000000000 0.00000000000 0.00000000000 0.00000000000 0.00000000000 0.00000000000 0.00000000000 0.00000000000 0.00000000000 0.00000000000
 0.00000000000 0.00000000000 0.00000000000 0.00000000000 0.00000000000 0.00000000000 0.00000000000 0.00000000000 0.00000000000 0.00000000000 0.00000000000
 0.00000000000 0.00000000000 0.00000000000 0.00000000000 0.00000000000 0.00000000000 0.00000000000 0.00000000000 0.00000000000 0.00000000000 0.00000000000
 0.00000000000 0.00000000000 0.00000000000 0.00000000000 0.00000000000 0.00000000000 0.00000000000 0.00000000000 0.00000000000 0.00000000000 0.00000000000
 0.00000000000 0.00000000000 0.00000000000 0.00000000000 0.00000000000 0.00000000000 0.00000000000 0.00000000000 0.00000000000 0.00000000000 0.00000000000
 0.00000000000 0.00000000000 0.00000000000 0.00000000000 0.00000000000 0.00000000000 0.00000000000 0.00000000000 0.00000000000 0.00000000000 0.00000000000
# log_F_devs:
 -1.58215566024 -1.32596359216 -1.23887319627 -0.594763246968 -0.500902452685 -0.439234165556 -0.0934286033577 0.243775589693 0.371183736865 0.508559971108 0.579345400101 0.403779735413 0.302066794590 0.194005770716 0.258450178343 0.251481604429 0.131775846373 -0.175929086931 -0.514115581872 -0.599409982713 -0.545533201435 -0.490364719131 -0.508360319325 -0.781160058561 -0.403745352490 -0.349247456412 0.0800390656919 0.243506482555 0.564757095993 0.116968010160 -0.162270162466 -0.198454890309 -0.0397971605154 -0.0151652470792 -0.193500840644 -0.418327334694 -0.318905315611 -0.184406064164 -0.0328154627922 0.0207200201531 -0.0946487304284 -0.151857621236 0.0692332787662 0.163241669939 0.254589109260 0.233390323935 0.0879746434864 0.456958891107 0.533959392260 0.565015462918 0.602791776807 0.744000446481 0.453768580531 0.459218271219 0.268420821428 0.375538157796 0.706471524150 0.698665884323 0.364863570868 0.315993152067 0.328825246520
# sigr:
1.00000000000
# sel_devs_fsh:
 0.0321911827901 0.0500077732108 0.115042021159 -0.0168450022178 -0.0190855443590 -0.0394230736566 -0.0293827079743 -0.0234055850389 -0.0184150164695 -0.0160843255976 -0.0163564567499 -0.0182420145552
 0.0363030419587 0.0781956825986 0.212641896140 -0.0767937124956 -0.0595496943943 -0.0457995568350 -0.0336107176365 -0.0230706411568 -0.0216998076311 -0.0217722026495 -0.0221686754518 -0.0226732955325
 0.100287670746 0.0828673360526 0.0122508766842 0.0322726328544 -0.000655759204421 -0.0160891668577 -0.0259536109847 -0.0318333174329 -0.0334817893163 -0.0367700846855 -0.0398997327173 -0.0429949017139
 0.111091066224 0.0595709808780 0.165487566753 -0.0656294267602 -0.0611312459695 -0.0491634634593 -0.0396061130030 -0.0309552113424 -0.0257468219698 -0.0224132011410 -0.0209331084686 -0.0205688388894
 0.162177245534 0.126000824350 -0.0180594248331 -0.161166810154 -0.0879175664961 -0.0580634423542 -0.0198144359956 -0.00555598012207 0.00494012456879 0.0129413244179 0.0191990434374 0.0253199735859
 -0.0101752405141 0.0153380348115 -0.0821238839002 -0.0126959711788 0.0312677225102 0.0148248787658 -0.0100578841308 0.00766059757510 0.00816295903363 0.00886596262226 0.0116899901739 0.0172588855328
 -0.241634276768 0.187449491729 0.0971100084649 0.0763603965511 -0.00756567462107 0.00369065171069 0.00250312515101 -0.0168495616692 -0.0182439877094 -0.0214910269782 -0.0267709436575 -0.0345581336273
 -0.260101096682 0.100654364798 0.0393179986281 0.0397259873050 0.0407885350171 0.0395320638568 0.0291443620847 0.0162462481837 0.00246485731494 -0.00843734954844 -0.0165751072827 -0.0227604447703
 -0.215900940258 0.138365257492 0.140922780576 0.00754522709365 -0.000931504988765 -0.00796386329561 -0.00797186689559 -0.00765787951401 -0.00715671878097 -0.00891323858978 -0.0128425689207 -0.0174948111641
 -0.202360136520 -0.195642663090 0.124925173983 0.0697679059747 0.0348611655571 0.0225456645456 0.0188497095221 0.0176890432156 0.0208462012236 0.0254509303963 0.0297461334956 0.0333216889543
 -0.197430079637 -0.0993487898464 -0.0697524106374 0.0487398288972 0.0404812688850 0.0330062612209 0.0309907939428 0.0335486525837 0.0373082697389 0.0433448711625 0.0481732207924 0.0509352635116
 -0.183871495590 -0.00577751938330 -0.169387116296 -0.0499461534144 0.00621796897778 0.0249984871816 0.0331718897878 0.0398899507910 0.0484867042988 0.0747651711026 0.0878387201978 0.0936155055464
 -0.223696343238 -0.144983571666 -0.0529621628136 -0.0223443637061 0.0261851120010 0.0212045899345 0.0324237761519 0.0364177266590 0.0593044047755 0.0792375460068 0.0944405417122 0.0947749504666
 -0.168522575231 -0.346958913712 -0.161992475743 -0.0566936329591 0.0747306020476 0.0942944836504 0.0776582575743 0.0796758732956 0.0977857739160 0.0986577454406 0.105907324139 0.105459478429
 -0.187975198548 -0.419982438851 -0.229126441345 0.0608801813682 0.0799272324313 0.100672223729 0.102719509572 0.0929235951926 0.0817053245108 0.0943729273753 0.111395951805 0.112488344198
 -0.168005177344 -0.224574613511 -0.216817272015 0.00804921781930 0.0751231188202 0.0524266923930 0.0604104848545 0.0689794088561 0.0714708954797 0.0737670220097 0.0878477850718 0.111321712748
 -0.141628785330 -0.103581923883 -0.277174369033 -0.00336651792025 0.0480563292808 0.0489227669697 0.0497570157512 0.0593501151001 0.0736476506504 0.0638312650150 0.0778330993062 0.104358321279
 -0.159402292461 0.0730934000546 -0.0999280667913 -0.148197633880 -0.0322819850326 0.0437235680407 0.0390670142192 0.0343392016049 0.0459960739716 0.0545230199639 0.0622917744759 0.0867763271574
 -0.153376217591 -0.187959886318 0.0245781683813 -0.0638855754998 0.0812452263170 0.0449679931337 0.0522647423401 0.0421021174045 0.0362484000145 0.0321825418628 0.0392362969418 0.0523965578351
 -0.169431079873 0.00137264966010 0.0949738984807 -0.0975599249939 -0.207709073527 0.0824702467525 0.0736669627393 0.0744917615862 0.0391656796127 0.0381650330625 0.0328801526487 0.0375089720290
 -0.175887552076 -0.0732576056692 0.0280688681798 0.134992449578 -0.0116323208499 -0.0304510863989 0.0311887688788 -0.0105838883629 0.0729122063856 0.0208409694430 0.00395333442480 0.00984894832637
 -0.175612686325 -0.112396198636 0.0749337868530 -0.121272372112 0.00275584378215 -0.0251259738008 -0.0636702638647 0.140605555955 0.121114194990 0.101845468855 0.0451133629423 0.0117120869472
 -0.210588689276 -0.146763818297 0.425131291203 0.00993384487135 0.0986598881822 -0.0650435222174 0.147266107893 -0.0620084710011 -0.0582721702780 -0.0717819253376 -0.0199839462611 -0.0465415329130
 -0.178436298184 -0.101905526657 -0.405610309327 0.151381004372 0.0318753717106 0.0920559207359 0.145017610292 0.136998721933 -0.00381419420555 0.0864791857852 0.0477585503934 -0.00179446592907
 -0.167443792837 -0.0668680390746 -0.357925160757 0.0270239259932 0.186157619364 0.0719824189933 -0.00674244952323 0.0603497480607 0.0772050587843 -0.0427583785401 0.135933707100 0.0830877494010
 -0.107388126735 -0.0318058015681 -0.388372869681 -0.323184405361 -0.199625792745 0.00327743695282 0.183652670322 0.0165438927769 0.193297232285 0.109904595022 0.282020703091 0.261687748445
 -0.165396771148 -0.0677546155806 0.497302337163 -0.267841277927 -0.350218676148 -0.0393064028884 -0.0273498545397 0.223320703817 0.112168580362 0.244062704239 -0.113120115729 -0.0458674873191
 -0.156845070928 -0.480110725182 -0.0124207816993 0.808628283916 0.000361059117688 0.0141877214327 0.0801837553986 0.0228206457020 -0.0181863033803 -0.0604962872660 -0.111871466953 -0.0862509546535
 -0.0561479400857 0.0246574189113 -0.753387432946 -0.267633234305 0.930510196251 0.268761840386 0.0188553694213 -0.0408584112554 -0.0537482903483 -0.0305255725744 -0.00622771167970 -0.0342566469367
 -0.0253972247703 0.195441820069 -0.273811010373 -0.674709173041 -0.343881674917 0.471293573331 0.150963555916 0.157647797777 0.122466810720 0.102237227773 0.0713591464430 0.0463904816301
 -0.0396456374047 0.521288395332 0.284074883613 -0.784358890726 -0.735670344460 -0.346025811701 0.275397055053 0.301735121288 0.219320631598 0.147250293738 0.0928408351770 0.0637576555172
 -0.137232974406 0.351244462198 0.155295377489 0.658130891969 -0.0120741420687 -0.405809369072 -0.407640796078 -0.304218782248 -0.00989939028550 0.0285390004972 0.0382226032081 0.0454422715645
 -0.105985563058 -0.382352377747 0.280687561904 0.235484811465 0.191875773120 0.279799068849 -0.232571174620 -0.0583147876082 -0.0783059777730 -0.0496577017174 -0.0460611528711 -0.0345974943849
 -0.149332529797 -0.380962413313 0.822188111255 0.454228732112 0.141661046405 -0.245109513051 0.244377029470 -0.106003974533 -0.264557407895 -0.240683508543 -0.172432036086 -0.103376666079
 -0.0762996833943 -0.148670743690 -0.556068242718 0.300189342277 0.418085896303 0.00433086008045 -0.0259314011900 0.230939908027 0.0258083907552 -0.0467047853509 -0.0534539383603 -0.0722259693770
 -0.0325945752954 -0.193681135362 -0.448066604975 -0.303666544524 0.255656822189 0.610544592918 0.127714294683 -0.0983903006536 0.0280481260427 0.0415904652969 0.0295610389851 -0.0167211822079
 -0.0794391955358 0.183429219888 0.0897679382459 -0.00810853893398 -0.224216603884 0.0599787513593 0.0730221655370 0.0583056536313 0.0438367538137 -0.0278330624969 -0.0877258152167 -0.0810158126188
 -0.0856871084911 -0.324887146403 0.707598608663 -0.0385640098710 0.0452808138245 -0.169630925594 0.0277871515246 0.0288618171203 -0.00642329631131 -0.0209395376910 -0.0886435880417 -0.0747584854546
 -0.0397407706371 -0.135707200317 -0.660893885194 0.757449617252 0.0525809121184 -0.113288774353 -0.0119303624449 0.0135703127009 0.0334772553213 0.0386493607819 0.0617197940909 0.00411567214710
 -0.0652714675170 0.0903625612806 0.00136548844364 -0.331660865712 0.450775013668 0.259697604059 -0.102845420846 -0.156982946004 -0.0680840464351 -0.00801890319951 -0.0116175422380 -0.0577137262513
 -0.0965896783543 0.106065694293 0.567131069674 -0.0876628862911 -0.323039663532 -0.0503428494772 -0.0527741688099 -0.0241032934307 -0.0685800165225 -0.0311706122417 0.0158098768648 0.0452540789680
 -0.0576520948888 0.0464470833473 -0.0411043284766 0.0237919969533 -0.0564666992208 -0.00789954168747 0.0181487857472 -0.0568339160989 -0.0229954703544 0.00893465532870 0.0521721950257 0.0934539969809
 -0.0137544932165 -0.0529641584606 -0.523620548434 -0.117469676397 -0.0502313108099 0.0500836129991 0.0645719754961 0.124639204711 0.138435904656 0.0735285995690 0.136886142581 0.169909583585
 -0.0448967787165 -0.336828366176 0.206402502363 0.0474644465036 -0.136713735730 -0.0723372413546 -0.0425253501920 -0.00779448939982 0.00966466706927 0.134484635492 0.137250631888 0.105826181428
 -0.00775697790101 0.0686659457348 -0.596709155465 0.437150091694 0.157457591719 -0.243400193568 -0.0541901389278 0.0823282219777 0.0879170577380 0.0314315109227 -0.0116214694728 0.0487295328390
 0.00587747469216 -0.0997531147298 0.0124687820146 -1.05953636059 0.433688323331 0.357076518599 0.143516625246 0.0317509017640 0.0410999417262 0.0891446091389 0.0557804816602 -0.0111188392493
 -0.0271472897661 0.132535526220 0.130668419376 0.566972773918 -1.09544182757 0.0157281246899 0.0311910085094 0.0486162472766 0.0342852905298 -0.000883737092409 0.0524178770341 0.111059103678
 0.0141485773913 -0.267192396362 -0.0545092907962 -0.180562443369 0.480652959580 -0.647717027707 -0.0738277047280 0.119657142713 0.152517250139 0.167740975121 0.152264670669 0.136827211252
 -0.00517758783676 0.103540039000 -0.125946572459 -0.224086248170 -0.155376869161 0.285637355659 0.0735380843549 -0.0394153161721 -0.0379439813518 0.0353333234022 0.0399252279935 0.0499691283567
 0.00244794430807 -0.505800931251 1.02318921352 0.101380747382 -0.255169488969 -0.144117891477 -0.141118389780 -0.161730182593 0.0107065129408 0.0192142959572 0.0245577647782 0.0264468530225
 0.0773381495126 -0.0201594144487 -1.44825858754 1.04528933835 0.224079717673 -0.0455920360015 -0.132699090532 0.255647624312 0.0271368395904 0.000684485514447 0.00956941071238 0.00696209482920
 0.0633822205341 0.274448914099 -0.252051210064 -1.11874055775 0.589719472715 0.267709089337 0.117496796451 -0.192708500621 0.140988381415 0.0620576177240 0.0305966339610 0.0171059366828
 0.0297663216166 0.344602211638 0.133300200686 -0.560781124182 0.0123995046068 0.185325668405 0.0477488888440 0.0643216573211 -0.190396913272 -0.0300963465955 -0.0232699967405 -0.0129195479128
 0.0503614839732 0.535360514801 0.191256557352 -0.361676102130 -1.22883603850 0.0764414173764 0.485812570305 0.164320664840 0.0731172407035 0.0689507641718 -0.0135769055088 -0.0415318018428
 -0.0160353026825 0.721631691966 0.444312671260 0.479317607506 0.182207481697 -0.430853210734 -0.539063505777 -0.433476549974 -0.193006541447 -0.170899682191 -0.0333881353918 -0.0107427584714
 -0.00781290626035 0.478573624722 0.939400058683 -0.175237757270 -0.148302202967 -0.593751174367 -0.198506532039 0.110958932458 -0.0905504634816 -0.174460044622 -0.0795460709300 -0.0607697644096
 0.0228109680669 0.190740251983 -0.259470156833 0.602910348099 0.0531866299703 -0.0759096953660 -0.215967733063 -0.0414282729835 -0.0911271744570 -0.190273568905 0.00569373980538 -0.00117020856987
 0.0327188859933 -0.373758138647 -0.0403228362732 0.0566332724508 0.600095497285 0.256166129788 -0.348514837891 -0.206930556948 0.00438730481940 0.0349637094217 -0.0113282602540 -0.00411071316450
 0.0184736519992 -0.0449372855377 0.0154129232515 0.0435740095736 -0.0209059887493 -0.0144313139628 0.0553727635606 0.00286097872594 -0.0283376449608 -0.00721307155540 -0.0114634761442 -0.00841302363951
 0.00000000000 0.00000000000 0.00000000000 0.00000000000 0.00000000000 0.00000000000 0.00000000000 0.00000000000 0.00000000000 0.00000000000 0.00000000000 0.00000000000
# sel_devs_bts:
 0.00000000000 0.00000000000 0.00000000000 0.00000000000 0.00000000000 0.00000000000 0.00000000000 0.00000000000
 0.00000000000 0.00000000000 0.00000000000 0.00000000000 0.00000000000 0.00000000000 0.00000000000 0.00000000000
 0.00000000000 0.00000000000 0.00000000000 0.00000000000 0.00000000000 0.00000000000 0.00000000000 0.00000000000
 0.00000000000 0.00000000000 0.00000000000 0.00000000000 0.00000000000 0.00000000000 0.00000000000 0.00000000000
 0.00000000000 0.00000000000 0.00000000000 0.00000000000 0.00000000000 0.00000000000 0.00000000000 0.00000000000
 0.00000000000 0.00000000000 0.00000000000 0.00000000000 0.00000000000 0.00000000000 0.00000000000 0.00000000000
 0.00000000000 0.00000000000 0.00000000000 0.00000000000 0.00000000000 0.00000000000 0.00000000000 0.00000000000
 0.00000000000 0.00000000000 0.00000000000 0.00000000000 0.00000000000 0.00000000000 0.00000000000 0.00000000000
 0.00000000000 0.00000000000 0.00000000000 0.00000000000 0.00000000000 0.00000000000 0.00000000000 0.00000000000
 0.00000000000 0.00000000000 0.00000000000 0.00000000000 0.00000000000 0.00000000000 0.00000000000 0.00000000000
 0.00000000000 0.00000000000 0.00000000000 0.00000000000 0.00000000000 0.00000000000 0.00000000000 0.00000000000
 0.00000000000 0.00000000000 0.00000000000 0.00000000000 0.00000000000 0.00000000000 0.00000000000 0.00000000000
 0.00000000000 0.00000000000 0.00000000000 0.00000000000 0.00000000000 0.00000000000 0.00000000000 0.00000000000
 0.00000000000 0.00000000000 0.00000000000 0.00000000000 0.00000000000 0.00000000000 0.00000000000 0.00000000000
 0.00000000000 0.00000000000 0.00000000000 0.00000000000 0.00000000000 0.00000000000 0.00000000000 0.00000000000
 0.00000000000 0.00000000000 0.00000000000 0.00000000000 0.00000000000 0.00000000000 0.00000000000 0.00000000000
 0.00000000000 0.00000000000 0.00000000000 0.00000000000 0.00000000000 0.00000000000 0.00000000000 0.00000000000
 0.00000000000 0.00000000000 0.00000000000 0.00000000000 0.00000000000 0.00000000000 0.00000000000 0.00000000000
 0.00000000000 0.00000000000 0.00000000000 0.00000000000 0.00000000000 0.00000000000 0.00000000000 0.00000000000
 0.00000000000 0.00000000000 0.00000000000 0.00000000000 0.00000000000 0.00000000000 0.00000000000 0.00000000000
 0.00000000000 0.00000000000 0.00000000000 0.00000000000 0.00000000000 0.00000000000 0.00000000000 0.00000000000
 0.00000000000 0.00000000000 0.00000000000 0.00000000000 0.00000000000 0.00000000000 0.00000000000 0.00000000000
 0.00000000000 0.00000000000 0.00000000000 0.00000000000 0.00000000000 0.00000000000 0.00000000000 0.00000000000
 0.00000000000 0.00000000000 0.00000000000 0.00000000000 0.00000000000 0.00000000000 0.00000000000 0.00000000000
 0.00000000000 0.00000000000 0.00000000000 0.00000000000 0.00000000000 0.00000000000 0.00000000000 0.00000000000
 0.00000000000 0.00000000000 0.00000000000 0.00000000000 0.00000000000 0.00000000000 0.00000000000 0.00000000000
 0.00000000000 0.00000000000 0.00000000000 0.00000000000 0.00000000000 0.00000000000 0.00000000000 0.00000000000
 0.00000000000 0.00000000000 0.00000000000 0.00000000000 0.00000000000 0.00000000000 0.00000000000 0.00000000000
 0.00000000000 0.00000000000 0.00000000000 0.00000000000 0.00000000000 0.00000000000 0.00000000000 0.00000000000
 0.00000000000 0.00000000000 0.00000000000 0.00000000000 0.00000000000 0.00000000000 0.00000000000 0.00000000000
 0.00000000000 0.00000000000 0.00000000000 0.00000000000 0.00000000000 0.00000000000 0.00000000000 0.00000000000
 0.00000000000 0.00000000000 0.00000000000 0.00000000000 0.00000000000 0.00000000000 0.00000000000 0.00000000000
 0.00000000000 0.00000000000 0.00000000000 0.00000000000 0.00000000000 0.00000000000 0.00000000000 0.00000000000
 0.00000000000 0.00000000000 0.00000000000 0.00000000000 0.00000000000 0.00000000000 0.00000000000 0.00000000000
 0.00000000000 0.00000000000 0.00000000000 0.00000000000 0.00000000000 0.00000000000 0.00000000000 0.00000000000
 0.00000000000 0.00000000000 0.00000000000 0.00000000000 0.00000000000 0.00000000000 0.00000000000 0.00000000000
 0.00000000000 0.00000000000 0.00000000000 0.00000000000 0.00000000000 0.00000000000 0.00000000000 0.00000000000
 0.00000000000 0.00000000000 0.00000000000 0.00000000000 0.00000000000 0.00000000000 0.00000000000 0.00000000000
 0.00000000000 0.00000000000 0.00000000000 0.00000000000 0.00000000000 0.00000000000 0.00000000000 0.00000000000
 0.00000000000 0.00000000000 0.00000000000 0.00000000000 0.00000000000 0.00000000000 0.00000000000 0.00000000000
 0.00000000000 0.00000000000 0.00000000000 0.00000000000 0.00000000000 0.00000000000 0.00000000000 0.00000000000
 0.00000000000 0.00000000000 0.00000000000 0.00000000000 0.00000000000 0.00000000000 0.00000000000 0.00000000000
# sel_devs_ats:
 0.327695255602 0.337700704307 0.311247673561 0.304434352956 0.320428763840 0.325632200096 0.321912208564
 0.365450005017 0.365069623467 0.359844168957 0.352199930849 0.354342815905 0.359216293554 0.364344972366
 0.433921489063 0.426215733640 0.395706763685 0.408651301720 0.396363981347 0.401192968585 0.391327616149
 0.403795371712 0.484945162710 0.474989880759 0.437629776251 0.444281039815 0.449110770118 0.421758641679
 0.429159169475 0.514993040461 0.509280488466 0.474021128158 0.466124498528 0.480578759532 0.454303879173
 0.462795367261 0.483728384553 0.538250480616 0.502398111917 0.508323319683 0.480150842271 0.484930801451
 0.530057809331 0.521568732307 0.503220048018 0.529958032958 0.533179750658 0.515512735852 0.500280609508
 0.527687327778 0.541473209871 0.528057339841 0.539912971201 0.543168457327 0.530670416766 0.515420199082
 0.489094945108 0.486641413667 0.555757418339 0.569569395963 0.552896032066 0.538719314424 0.534241388722
 0.478636561913 0.493670538428 0.576601942191 0.574691351002 0.555516141341 0.545657640268 0.541543019633
 0.577912612548 0.543277006677 0.480084963010 0.508761710768 0.535504938798 0.540553293987 0.543605774448
 0.553301402719 0.529736775036 0.484548217370 0.499521007649 0.522598887433 0.530289746775 0.534579707898
 0.558363622796 0.543524536676 0.514228158379 0.524675852932 0.530362543795 0.514299210539 0.514737334387
 0.568617079651 0.538984688773 0.493096283475 0.485931804691 0.492572871567 0.500379421741 0.508494434857
 0.525689670883 0.522525047246 0.495743823352 0.496617531605 0.505309102900 0.506817237586 0.496000771315
 0.524741609949 0.493191890482 0.515731299617 0.487448005674 0.490233769299 0.489566498123 0.467350014260
 0.498572216886 0.483581812792 0.464894453104 0.474408375698 0.481322369655 0.477741356078 0.452465516491
 0.497070613395 0.471224678095 0.453371294926 0.463732497876 0.473912764548 0.468953065113 0.439657893584
 0.464289634300 0.481174380932 0.509062036914 0.501151419980 0.495802734132 0.471972115114 0.426495146337
 0.483658746444 0.475823137118 0.514375229054 0.501499571201 0.506504242076 0.485116836996 0.430870269138
 0.411759842254 0.534965908391 0.551163249381 0.518496672706 0.484229326766 0.487917023783 0.473659914486
 0.405925365354 0.494482435224 0.574199500916 0.517746598610 0.494053796705 0.492690874232 0.519159350252
 0.515655465451 0.462915715312 0.410059418542 0.505066622315 0.524387069386 0.522070447542 0.549053103313
 0.515774928933 0.483337811621 0.458385395952 0.532076487174 0.541124783283 0.541606619550 0.556989191527
 0.537539000195 0.546316242388 0.580374887772 0.562465711601 0.556994277875 0.548993794861 0.554655547622
 0.548665728733 0.568314773169 0.601993014909 0.580042255177 0.568547807053 0.571447801302 0.579162232917
 0.562406550825 0.579645820438 0.623361305312 0.598311950559 0.589587215917 0.593558130047 0.598769295150
 0.562806978053 0.571760436926 0.652074136905 0.609166426832 0.606780120180 0.611690429541 0.615097496750
 0.621681660964 0.608516861162 0.538083140671 0.603270894631 0.626746212469 0.631747198249 0.627568162551
 0.610565517205 0.604257968694 0.557366577946 0.602838213290 0.632267962429 0.639665253588 0.629612943671
# sel_coffs_fsh:
 -3.63776743945 -1.72561214928 -0.528335361428 0.321791139999 0.295559755568 0.270094896585 0.228876148363 0.194642881543 0.172597083735 0.161340815831 0.156475098200 0.154913008565
# sel_coffs_bts:
 -0.0100000000000 -0.0100000000000 -0.0100000000000 -0.0100000000000 -0.0100000000000 -0.0100000000000 -0.0100000000000 -0.0100000000000
# sel_coffs_ats:
 -0.166396154563 -0.173349165309 0.00291444782635 0.124684227933 0.171063992175 0.283270054757 0.436947769733
# sel_slp_bts:
1.13899925514
# sel_a50_bts:
5.96375981534
# sel_age_one_bts:
-3.08329907870
# sel_slp_bts_dev:
 2.10299480233 0.360492543612 0.531233923074 0.0618835141229 -0.0213839740333 0.0688431548759 -0.233377809612 0.175286335297 0.315751208038 0.0921660081829 -0.0500941538364 0.0136444135978 0.0891845307221 0.0912502131325 -0.210114384101 -0.323133924126 -0.424526795593 -0.629942032809 -0.433342952538 -0.592929234194 -0.216960916529 0.0327082098944 0.0108622613772 0.170552707829 0.0449199742416 0.337035608763 0.477258586477 0.229662931200 0.758895327624 0.426921096676 0.0409807267367 0.151945237575 0.131252417721 -0.112395922040 -0.142241883612 -0.208617086558 -0.471102225704 -0.402657434844 -0.393405216816 -0.383435730376 -0.351604420576 -0.476541786351 -0.637917848855
# sel_a50_bts_dev:
 -0.883511602306 -0.462583701150 -0.374879193358 -0.332788407805 -0.226770140916 -0.276768637318 -0.291397481247 -0.303668919528 -0.212383196970 -0.0834273097062 -0.0246414058860 -0.0218927119244 -0.00599907443079 0.0475974014414 0.172342226628 0.170603723040 0.165148052630 0.195698488629 0.141131482906 0.187311052176 0.0957604318344 0.0376078250511 0.0294980452934 -0.0344734943321 -0.0113360101422 -0.110936147804 -0.124877078537 -0.0760046739117 -0.224318147753 -0.0671533417008 0.0176588081263 0.0236789550297 0.0934719106278 0.174827913937 0.193029021979 0.232082231158 0.307558625448 0.260168828375 0.274238565090 0.287361102879 0.284374860324 0.356698816834 0.401962307290
# sel_age_one_bts_dev:
 -0.573380690179 -0.368762082288 -0.365843344082 -0.619436053310 -0.765787555651 -0.515573712463 -0.433710636129 -0.121291684560 0.109180445661 -0.119730809975 0.0513212855928 0.138517279688 -0.0195486884554 -0.0882860060883 -0.136543256894 -0.0644335872592 -0.0363111516381 0.0588991793153 0.180819207407 0.0690849641376 0.0817330727153 0.224901076810 0.0144737102606 -0.0873639389550 -0.153049244710 -0.120406546371 0.118049861488 0.290125199404 0.269654993220 -0.0952632923094 -0.00309541250646 0.315165488295 0.372836653291 0.323123201595 0.215418407431 0.207814798019 0.154880080867 0.444200724879 0.289031238541 0.133861701185 0.236316981211 0.168506869749 0.219901273060
# sel_dif1_fsh:
1.00000000000
# sel_a501_fsh:
3.00000000000
# sel_trm2_fsh:
0.900000000000
# sel_dif2_fsh:
5.00000000000
# sel_dif1_fsh_dev:
 0.00000000000 0.00000000000 0.00000000000 0.00000000000 0.00000000000 0.00000000000 0.00000000000 0.00000000000 0.00000000000 0.00000000000 0.00000000000 0.00000000000 0.00000000000 0.00000000000 0.00000000000 0.00000000000 0.00000000000 0.00000000000 0.00000000000 0.00000000000 0.00000000000 0.00000000000 0.00000000000 0.00000000000 0.00000000000 0.00000000000 0.00000000000 0.00000000000 0.00000000000 0.00000000000 0.00000000000 0.00000000000 0.00000000000 0.00000000000 0.00000000000 0.00000000000 0.00000000000 0.00000000000 0.00000000000 0.00000000000 0.00000000000 0.00000000000 0.00000000000 0.00000000000 0.00000000000 0.00000000000 0.00000000000 0.00000000000 0.00000000000 0.00000000000 0.00000000000 0.00000000000 0.00000000000 0.00000000000 0.00000000000 0.00000000000 0.00000000000 0.00000000000 0.00000000000 0.00000000000 0.00000000000
# sel_a501_fsh_dev:
 0.00000000000 0.00000000000 0.00000000000 0.00000000000 0.00000000000 0.00000000000 0.00000000000 0.00000000000 0.00000000000 0.00000000000 0.00000000000 0.00000000000 0.00000000000 0.00000000000 0.00000000000 0.00000000000 0.00000000000 0.00000000000 0.00000000000 0.00000000000 0.00000000000 0.00000000000 0.00000000000 0.00000000000 0.00000000000 0.00000000000 0.00000000000 0.00000000000 0.00000000000 0.00000000000 0.00000000000 0.00000000000 0.00000000000 0.00000000000 0.00000000000 0.00000000000 0.00000000000 0.00000000000 0.00000000000 0.00000000000 0.00000000000 0.00000000000 0.00000000000 0.00000000000 0.00000000000 0.00000000000 0.00000000000 0.00000000000 0.00000000000 0.00000000000 0.00000000000 0.00000000000 0.00000000000 0.00000000000 0.00000000000 0.00000000000 0.00000000000 0.00000000000 0.00000000000 0.00000000000 0.00000000000
# sel_trm2_fsh_dev:
 0.00000000000 0.00000000000 0.00000000000 0.00000000000 0.00000000000 0.00000000000 0.00000000000 0.00000000000 0.00000000000 0.00000000000 0.00000000000 0.00000000000 0.00000000000 0.00000000000 0.00000000000 0.00000000000 0.00000000000 0.00000000000 0.00000000000 0.00000000000 0.00000000000 0.00000000000 0.00000000000 0.00000000000 0.00000000000 0.00000000000 0.00000000000 0.00000000000 0.00000000000 0.00000000000 0.00000000000 0.00000000000 0.00000000000 0.00000000000 0.00000000000 0.00000000000 0.00000000000 0.00000000000 0.00000000000 0.00000000000 0.00000000000 0.00000000000 0.00000000000 0.00000000000 0.00000000000 0.00000000000 0.00000000000 0.00000000000 0.00000000000 0.00000000000 0.00000000000 0.00000000000 0.00000000000 0.00000000000 0.00000000000 0.00000000000 0.00000000000 0.00000000000 0.00000000000 0.00000000000 0.00000000000
# rec_dev_future:
 0.00000000000 0.00000000000 0.00000000000 0.00000000000 0.00000000000
# M_dev:
 0.00000000000 0.00000000000 0.00000000000 0.00000000000 0.00000000000 0.00000000000 0.00000000000 0.00000000000 0.00000000000 0.00000000000 0.00000000000 0.00000000000 0.00000000000 0.00000000000 0.00000000000 0.00000000000 0.00000000000 0.00000000000 0.00000000000 0.00000000000 0.00000000000 0.00000000000 0.00000000000 0.00000000000 0.00000000000 0.00000000000 0.00000000000 0.00000000000 0.00000000000 0.00000000000 0.00000000000 0.00000000000 0.00000000000 0.00000000000 0.00000000000 0.00000000000 0.00000000000 0.00000000000 0.00000000000 0.00000000000 0.00000000000 0.00000000000 0.00000000000 0.00000000000 0.00000000000 0.00000000000 0.00000000000 0.00000000000 0.00000000000 0.00000000000 0.00000000000 0.00000000000 0.00000000000 0.00000000000 0.00000000000 0.00000000000 0.00000000000 0.00000000000 0.00000000000 0.00000000000
# L1:
28.2780669325
# L2:
46.0963289399
# log_alpha:
-11.0000000000
# log_K:
-0.127712249233
# d_scale:
 0.524271039888 0.704796029810 0.765596336839 0.829605792952 0.869713528822 0.932864163708 0.978332035313 0.974084118889 0.994010040982 0.933090212218 0.952799228514 0.861008031385 1.00250082761
# coh_eff:
 0.00000000000 0.00000000000 0.00000000000 0.00000000000 0.00000000000 0.00000000000 0.00000000000 0.00000000000 0.00000000000 0.00000000000 0.00000000000 0.00000000000 0.00000000000 0.00000000000 0.00000000000 0.00000000000 -0.195726872745 0.270191888367 0.0178873664423 0.507851235710 -0.424939827895 0.557311257992 -0.494050356714 0.447587159916 0.0390390931382 -0.116117617319 -0.431924502653 -0.590149528082 0.549418993004 0.649129095791 1.12421143493 -0.0507825749701 0.605564256395 -0.0270268702457 -1.01445392122 -0.880881499235 -0.972450265748 0.848661154492 1.78563172458 0.499989954612 -0.989846793891 -0.0785235102272 0.964749409480 0.464439708700 0.393605564580 -0.0710534880405 0.382437780411 0.875274348450 1.45540097891 0.411144015734 -0.804028961682 -1.12250305680 -0.453700741645 -1.67131733505 -0.775240415814 -1.53854954036 -2.03471545719 -1.88593728266 -1.15802422049 0.720734718062 0.774457898432 0.0191161571830 0.321799849506 0.564117602298 1.40880580994 0.370852516022 0.189006832893 1.11705017667 1.66502106397 0.353910149955 0.00000000000 0.00000000000
# yr_eff:
 0.00000000000 0.182052862050 -0.0368428372359 0.255811375188 0.285236985058 1.41123446396 0.323891225597 1.80156520846 0.261991284035 0.994117426759 1.05416728998 0.686782781094 -0.0135159692507 0.710121874650 -0.714578198604 -0.0426527836492 -1.56818276938 -0.750078580985 -1.17331699521 -0.904124087553 0.295511197288 0.0313332852358 0.0445352882207 0.820971811141 -0.0655037191648 -0.492022025648 -0.720847405604 -0.326736337449 -0.623959480100 -0.447259882904 -0.347642182492 0.433006720639 -0.0962549586910 -0.206934281800 -0.437964051963 -0.880862497712 -0.255303489546 0.847881987982 0.262083546706 1.32470154595 0.497071526079 0.644254167758 0.0107438256756 0.428681290602 0.558671083941 -2.25875936949 -0.485372930038 -0.209311897171 -1.02216153537 0.652145135652 -1.76718731180 -1.55095911237 -0.242907025265 -3.43125751432 0.849624412476 0.00000000000 0.00000000000 0.00000000000 0.00000000000 0.00000000000
# resid_temp_x1:
0.00000000000
# resid_temp_x2:
0.00000000000
# log_a_II:
 -6.00000000000 -6.00000000000 -6.00000000000
 -6.00000000000 -6.00000000000 -6.00000000000
# log_b_II:
 6.00000000000 6.00000000000 6.00000000000
 6.00000000000 6.00000000000 6.00000000000
# log_a_II_vec:
 -4.00000000000 -4.00000000000
# log_b_II_vec:
 2.50000000000 2.50000000000
# log_rho:
 -2.50000000000 -2.50000000000 -2.50000000000
 -2.50000000000 -2.50000000000 -2.50000000000
# log_resid_M:
 -1.45000000000 -1.45000000000 -1.45000000000
