# Number of parameters = 1223 Objective function value = 736.724477801363  Maximum gradient component = 0.000346749367320379
# log_avgrec:
9.64843306936
# log_avg_F:
-1.60000000000
# natmort_phi:
0.00000000000
# log_q_bts:
0.00000000000
# log_q_std_area:
-0.600000000000
# bt_slope:
0.00000000000
# log_q_ats:
-0.629498597828
# log_Rzero:
10.2033000000
# steepness:
0.600000000000
# log_q_cpue:
-0.315609186351
# log_q_avo:
-8.18988702433
# log_initdevs:
 -0.380395967713 -0.419702288597 -1.17423780337 -1.37545099339 -0.813649268385 -1.00876546463 -1.18902940324 -1.12825527362 -0.976525961583 -0.836875809775 -0.710499421503 -0.596617732255 -0.494933286986 -0.926855171486
# log_rec_devs:
 -1.01104408490 0.403971057593 0.0267105327610 0.576312654235 0.385757046071 0.543797842054 0.426591139058 -0.111483720662 -0.344701239583 0.545833976159 0.210391636671 0.0434182125832 -0.198389703684 -0.120027714969 0.522403692168 1.38527662161 0.647951359390 0.779731595578 0.198072171484 1.20864779557 -0.0865716272351 0.743073076775 -0.204499259700 -0.765816629859 -1.02001994011 -0.276031183987 1.17499364163 0.561276557181 0.415366303849 1.08423503536 0.0187463717910 -0.335748652726 0.375281522286 0.666836330486 -0.0416263895906 0.0392593529581 0.463455140695 0.798612324489 0.394745521479 -0.0739708416266 -0.860256521582 -1.20326314744 -0.290478913968 0.479715227328 -0.131836055267 1.16353755519 0.402059154415 -0.0852870793065 -0.232329120605 1.03171289632 1.16367532049 0.316979492663 -0.652404978881 -0.638038751818 0.0939322993027 1.68134720489 0.297541092886 -0.330690978053 -0.351248220862 0.0415430591214 0.0847676890923
# larv_rec_devs:
 0.00000000000 0.00000000000 0.00000000000 0.00000000000 0.00000000000 0.00000000000 0.00000000000 0.00000000000 0.00000000000 0.00000000000 0.00000000000
 0.00000000000 0.00000000000 0.00000000000 0.00000000000 0.00000000000 0.00000000000 0.00000000000 0.00000000000 0.00000000000 0.00000000000 0.00000000000
 0.00000000000 0.00000000000 0.00000000000 0.00000000000 0.00000000000 0.00000000000 0.00000000000 0.00000000000 0.00000000000 0.00000000000 0.00000000000
 0.00000000000 0.00000000000 0.00000000000 0.00000000000 0.00000000000 0.00000000000 0.00000000000 0.00000000000 0.00000000000 0.00000000000 0.00000000000
 0.00000000000 0.00000000000 0.00000000000 0.00000000000 0.00000000000 0.00000000000 0.00000000000 0.00000000000 0.00000000000 0.00000000000 0.00000000000
 0.00000000000 0.00000000000 0.00000000000 0.00000000000 0.00000000000 0.00000000000 0.00000000000 0.00000000000 0.00000000000 0.00000000000 0.00000000000
 0.00000000000 0.00000000000 0.00000000000 0.00000000000 0.00000000000 0.00000000000 0.00000000000 0.00000000000 0.00000000000 0.00000000000 0.00000000000
 0.00000000000 0.00000000000 0.00000000000 0.00000000000 0.00000000000 0.00000000000 0.00000000000 0.00000000000 0.00000000000 0.00000000000 0.00000000000
 0.00000000000 0.00000000000 0.00000000000 0.00000000000 0.00000000000 0.00000000000 0.00000000000 0.00000000000 0.00000000000 0.00000000000 0.00000000000
 0.00000000000 0.00000000000 0.00000000000 0.00000000000 0.00000000000 0.00000000000 0.00000000000 0.00000000000 0.00000000000 0.00000000000 0.00000000000
 0.00000000000 0.00000000000 0.00000000000 0.00000000000 0.00000000000 0.00000000000 0.00000000000 0.00000000000 0.00000000000 0.00000000000 0.00000000000
# log_F_devs:
 -1.45498831043 -1.22857106950 -1.15785422363 -0.517788930400 -0.434952844924 -0.371603613377 -0.00646039040746 0.347749126937 0.484773602452 0.633301408466 0.722852924121 0.558773759189 0.489909307977 0.437283463791 0.561548301018 0.615586780928 0.537592029041 0.205165240281 -0.240170271897 -0.429475216060 -0.450651708860 -0.439174900794 -0.505206450498 -0.796028418544 -0.451901293659 -0.396131654989 0.0276750400342 0.213973574967 0.505908796871 0.0696380354645 -0.173629707379 -0.184827402593 -0.0278512536968 -0.0106460573019 -0.178035486834 -0.393599709895 -0.280652546764 -0.134043519073 0.0319722552437 0.108458294123 0.0141166198592 -0.0362122123104 0.170957841140 0.241714762324 0.327560836036 0.282197785520 0.0985218553523 0.402215528273 0.395357110673 0.338269704329 0.277900174169 0.357968977990 0.0612532792204 0.0353650355758 -0.155873939994 -0.0549467796864 0.212173987730 0.162976278947 -0.171894246483 -0.172853756612 -0.148076144221
# sigr:
1.00000000000
# sel_devs_fsh:
 0.0348291721623 0.0472199085416 0.124648945720 -0.0173624027393 -0.0226846329319 -0.0444888671127 -0.0338523715996 -0.0271070685006 -0.0204199156536 -0.0155520742421 -0.0129978943255 -0.0122327045460
 0.0398024155320 0.0778512833718 0.199771565540 -0.0815898878624 -0.0658303861952 -0.0512664635649 -0.0364415129190 -0.0230603423482 -0.0191773861075 -0.0160797211936 -0.0132056895951 -0.0107736098121
 0.103559497600 0.0808070663415 0.0131691665332 0.0227514936877 -0.00649836834691 -0.0201419735378 -0.0287931340143 -0.0325497676655 -0.0314593883141 -0.0324900202705 -0.0335190264980 -0.0348376550045
 0.113216475531 0.0566428273682 0.160827722849 -0.0735393133227 -0.0683824699019 -0.0548732564217 -0.0423476482407 -0.0301171872036 -0.0223773187597 -0.0164131006065 -0.0125407142479 -0.0100982912884
 0.165114883657 0.120139476718 -0.0323144365857 -0.177024537712 -0.0995495442440 -0.0700367355910 -0.0246340661137 0.00273621034797 0.0123046142516 0.0244123920142 0.0335233281940 0.0453306305642
 -0.00847496221909 0.0100814728682 -0.0938290557586 -0.0196033910121 0.0239331333453 0.0100166209542 -0.0221004207096 0.0141377978654 0.0146204260301 0.0165435874938 0.0228655750996 0.0318138919992
 -0.244213414135 0.183319518369 0.0931655314282 0.0774587076708 -0.00795903371837 0.00452727436932 0.00551111592245 -0.0220058687248 -0.0131300532496 -0.0183758210136 -0.0248140348641 -0.0334831157705
 -0.265042600357 0.0960086761783 0.0440345526464 0.0444323822897 0.0457368008853 0.0466434547371 0.0400052722862 0.0116115419291 -0.00366264621084 -0.0113363733010 -0.0193782174622 -0.0290499065585
 -0.220255809239 0.134216636327 0.149581865207 0.0145920477587 0.00586818375859 -0.00252012845437 -0.00426497948510 -0.00793198426481 -0.0101114184037 -0.0140342174744 -0.0194220260458 -0.0257178910676
 -0.208721132019 -0.191544329739 0.138175293781 0.0804764856640 0.0432165774336 0.0280858365183 0.0208085385702 0.0161288884647 0.0159462397430 0.0176234660416 0.0192146131284 0.0205816873344
 -0.205636633128 -0.103589915407 -0.0717602077500 0.0611472809148 0.0499366671000 0.0399193815418 0.0356845367563 0.0355127431168 0.0363805651614 0.0391466991247 0.0413007472218 0.0419584534401
 -0.192556289993 -0.0207785897499 -0.191500291312 -0.0694842251639 0.0202396275577 0.0381353024418 0.0455715946045 0.0516295924267 0.0590939022548 0.0775636111991 0.0880840868861 0.0940003663679
 -0.234617206610 -0.166532814314 -0.0681645954568 -0.0352924387284 0.0313455661426 0.0358055564348 0.0501138025271 0.0549465071868 0.0722734869768 0.0813539175297 0.0891309717079 0.0896440699128
 -0.182801647759 -0.391502200224 -0.180600298814 -0.0511733779275 0.0902637540212 0.118824109447 0.104424331651 0.106012499355 0.112345905658 0.0974022409037 0.0887921639357 0.0880151998540
 -0.179359747474 -0.483722603807 -0.267616667699 0.0687880417714 0.110084914365 0.136971818483 0.134529916313 0.123066230883 0.0980812133898 0.0907558864277 0.0857807834733 0.0826398593421
 -0.145286076343 -0.255144501731 -0.266775935740 -0.000255753753201 0.121576436142 0.0792232365491 0.0856753902237 0.0884747042821 0.0816807536504 0.0739445093661 0.0689372284127 0.0679411293075
 -0.110345471151 -0.0912434561790 -0.299789511307 -0.0155158060936 0.0602500252944 0.0687078570005 0.0669207236372 0.0692767828222 0.0680734366533 0.0640429040339 0.0607476349144 0.0588818055319
 -0.128622523989 0.104585623762 -0.0912187009866 -0.182553687153 -0.0695061048862 0.0654826202691 0.0532269335305 0.0473294171414 0.0480995649041 0.0506012776286 0.0512987669333 0.0512753243079
 -0.114581337699 -0.151876505366 0.0507079125677 -0.0810558003377 0.0322249326473 0.0334253479522 0.0480073276691 0.0386065779721 0.0365045682389 0.0355062981179 0.0361382881492 0.0363834850672
 -0.131018042749 0.0407199706508 0.129773946222 -0.0937079500608 -0.241906391608 0.0585599775740 0.0539287572152 0.0511441564184 0.0353384908686 0.0332244287623 0.0326143249972 0.0313346332046
 -0.137505438694 -0.0378601238976 0.0607307091890 0.162795978013 -0.0261604966042 -0.0738201876225 0.0182162134412 -0.0135457889407 0.0118109313923 0.00937390506624 0.0110226002061 0.0149364252997
 -0.136664465438 -0.0835912231750 0.109345801168 -0.104163531158 0.0200107506763 -0.0476250368695 -0.0972105029121 0.105543972361 0.0997523941815 0.0670606250031 0.0424004155267 0.0251374158242
 -0.168618257018 -0.122523678599 0.434438279132 0.0267269488779 0.0908072068116 -0.0554604322860 0.117249955779 -0.0839208336760 -0.0794892417331 -0.0800960306515 -0.0498339795597 -0.0292886216305
 -0.134196063801 -0.0817060759350 -0.393672762609 0.138622663497 0.0261189447471 0.0587793653161 0.129100973195 0.102384672820 0.0280381411064 0.0622041186427 0.0431205754923 0.0212086301835
 -0.127816488758 -0.0561933957767 -0.345138997777 0.0272776182389 0.148250772781 0.0590789787422 -0.0409183266155 0.0495985190925 0.0601022371081 -0.00303154259223 0.132867370459 0.0959234796782
 -0.0592132874054 -0.0216619475335 -0.359040454162 -0.294509345046 -0.188271458227 -0.0589517890422 0.134850919847 -0.0400351493493 0.144046573112 0.0757173499340 0.340013125580 0.327056125919
 -0.129643701416 -0.0595583318553 0.514467627515 -0.243553366739 -0.333039835568 -0.0486594629431 -0.0575174675166 0.205504685077 0.0924230971920 0.218703889671 -0.113838549850 -0.0452928938216
 -0.118812164056 -0.473063646481 -0.0337454586445 0.810514712845 0.0254696573207 0.0315326387721 0.0764590647800 -0.00572724705951 -0.0257465697996 -0.0647381780607 -0.146845020425 -0.0752982630902
 -0.0155794383297 0.0128156200352 -0.774675893228 -0.306484315226 0.904385251074 0.277162819069 0.0224479449931 -0.0275221211773 -0.0423468589062 -0.0153186254643 0.0182786381947 -0.0531605172542
 0.00817001891415 0.192043455540 -0.291848300293 -0.693009917796 -0.373446490228 0.451249526827 0.174133519672 0.172951988307 0.133385624113 0.109148951862 0.0753144498771 0.0418981697114
 -0.0101645679189 0.507053118515 0.279570387854 -0.783912795583 -0.736312576268 -0.354574765762 0.280286393538 0.305943782678 0.219276755989 0.145415263603 0.0887345003020 0.0586846150949
 -0.108270409887 0.331435588198 0.154442202999 0.653868316999 -0.00399014467501 -0.399309892650 -0.407294530785 -0.289936219300 -0.0186568910406 0.0211645598823 0.0305938902187 0.0359605473777
 -0.0766722085111 -0.376674423664 0.275585109277 0.229813139181 0.175916057295 0.276440330957 -0.234949586433 -0.0712698799051 -0.0703612686971 -0.0468091877938 -0.0454151612137 -0.0356052605732
 -0.124446885216 -0.357515826169 0.813822649998 0.451348771801 0.133764691281 -0.262145774242 0.236458409648 -0.110711320158 -0.264289465511 -0.239258721655 -0.172932135608 -0.104097705607
 -0.0564323571768 -0.146110310384 -0.556527589990 0.296309071459 0.418104799385 -0.00410311141788 -0.0435309481150 0.228566258885 0.0265923211919 -0.0445569734715 -0.0500561393073 -0.0682511830595
 -0.0142086235498 -0.211437115666 -0.454292377349 -0.308382203681 0.256348537768 0.612536597459 0.125652317185 -0.106615572503 0.0307539707064 0.0458200324168 0.0347164983501 -0.0109021048823
 -0.0568559911764 0.161279612717 0.0709942358326 -0.0159472164525 -0.229765802021 0.0666503329785 0.0801268998713 0.0553564179027 0.0374584972878 -0.0240585547977 -0.0787436488641 -0.0665029667963
 -0.0696356161019 -0.307003833119 0.673412027552 -0.0631288231183 0.0296935847212 -0.181659443295 0.0330614178966 0.0389444565079 -0.00108051257307 -0.0161548389961 -0.0765543126289 -0.0598984658067
 -0.0270305144646 -0.111793083960 -0.672204601540 0.724387925912 0.0284959444058 -0.124730212762 -0.0197422288845 0.0198864815352 0.0460258848950 0.0492222132843 0.0709248473379 0.0165589610526
 -0.0542553921597 0.102451006180 -0.00646182691613 -0.340123948670 0.428753977019 0.248503236712 -0.109890000655 -0.160546233881 -0.0616335744159 0.00271046672726 -0.00124315391820 -0.0482638709634
 -0.0812000016917 0.0893173777193 0.551939870287 -0.0805046921181 -0.307213002601 -0.0491290600485 -0.0536471776253 -0.0269287400941 -0.0747028719269 -0.0330838571494 0.0170966577202 0.0480571746335
 -0.0416247099362 -0.0115841479602 -0.0466967064283 0.0155706731851 -0.0410551907498 0.0160923095421 0.0350837360846 -0.0484426147172 -0.0222928204610 0.00445028372063 0.0488916338006 0.0916020221818
 -0.00481646571655 -0.111722579980 -0.524030729156 -0.123484970812 -0.0733627844441 0.0479712877466 0.0707276944779 0.136149757095 0.152183854057 0.0804394368212 0.162373587916 0.187570414449
 -0.0373849821344 -0.340908779829 0.200945322334 0.0612093198036 -0.137353755116 -0.0951614036663 -0.0539568414151 -0.00975494057206 0.0100501659202 0.142872151486 0.142846560764 0.116600421292
 0.0420169499347 0.0717280945782 -0.604917429464 0.442899527647 0.178925801807 -0.242794501113 -0.0817821119370 0.0684638110814 0.0789478363735 0.0254548768132 -0.0375892080766 0.0586470404827
 0.0331390488578 -0.0183941295986 0.0440239727037 -1.07777027296 0.420384643669 0.360192697190 0.140766243580 -0.00394024081338 -9.31823023844e-05 0.0817484209882 0.0535998995009 -0.0336530087396
 -0.00932040220123 0.233718143601 0.189111192822 0.624681114347 -1.07923774881 -0.0220767684573 0.0143406695038 0.0238077017027 0.00475954518087 -0.0660914380887 0.00695998953461 0.0793469084170
 0.0249426147747 -0.191802629394 0.0272255399994 -0.138002760154 0.511640924678 -0.599840653797 -0.156788906966 0.0781435982174 0.116761181600 0.134843178376 0.104762929395 0.0881120313504
 -0.0141852460821 0.134879725096 -0.0265546240774 -0.139631861375 -0.0999740926147 0.302237521463 0.148667829919 -0.127024352689 -0.132160946008 -0.0153011454017 -0.0190926954532 -0.0118682360296
 0.00477375515359 -0.465375567038 1.08063774971 0.188535540714 -0.188027597179 -0.108949045520 -0.149236192312 -0.120202534125 -0.127641911655 -0.0635493518056 -0.0241546253170 -0.0268019187117
 0.0821231781796 0.0256690088769 -1.46018902366 1.05285715364 0.281181018605 -0.00433382819860 -0.100400611326 0.204639977249 0.111525164685 -0.0841399648428 -0.0409302898736 -0.0680020987012
 0.0634823421437 0.287972744438 -0.248491352584 -1.11789908331 0.586954739489 0.327285637288 0.185638634810 -0.0795539498077 0.0684986020194 0.0458136560369 -0.0593926077264 -0.0603091124641
 0.0371693848663 0.329433801503 0.150470280597 -0.585120481525 0.0140096284484 0.169455577290 0.106317104738 0.0786133204050 -0.0400254907770 -0.0832518857338 -0.0865233024355 -0.0905468771223
 0.0571372468121 0.483447439884 0.189909693581 -0.351858910232 -1.23785906428 0.102448680265 0.428902572381 0.216412231850 0.124471166989 0.126135635074 -0.0557797610220 -0.0833670403510
 -0.00450874584713 0.657963493336 0.425373553172 0.486949829844 0.180734092136 -0.413466854651 -0.496198555754 -0.436557553012 -0.188533430438 -0.142072857837 -0.00839788424513 -0.0612839921088
 -0.0112745119803 0.481125660121 0.947509557921 -0.148364002623 -0.124832317182 -0.598166153546 -0.172254117290 0.0741556374059 -0.141816573245 -0.132380346680 -0.0999184967430 -0.0737900093801
 0.0222789231844 0.206645029483 -0.273659694155 0.598809505799 0.0655829846707 -0.0694483343618 -0.207781172741 -0.0424240260337 -0.0976717493509 -0.178460338968 -0.0266010559422 0.00272867759024
 0.0402326692024 -0.351880746504 -0.0491380379913 0.0157860676528 0.565004986455 0.246006578149 -0.321736926764 -0.183633605400 -0.0124894415952 0.0440099097994 -0.0127063263308 0.0205451326724
 0.0187552446682 -0.0348207240085 0.0150736037357 0.0432691852727 -0.0473101379552 -0.0286234863666 0.0552565837204 -0.0262652672408 -0.0231396794134 0.0189546761039 0.00403652878880 0.00481950480012
 0.00000000000 0.00000000000 0.00000000000 0.00000000000 0.00000000000 0.00000000000 0.00000000000 0.00000000000 0.00000000000 0.00000000000 0.00000000000 0.00000000000
# sel_devs_bts:
 0.00000000000 0.00000000000 0.00000000000 0.00000000000 0.00000000000 0.00000000000 0.00000000000 0.00000000000
 0.00000000000 0.00000000000 0.00000000000 0.00000000000 0.00000000000 0.00000000000 0.00000000000 0.00000000000
 0.00000000000 0.00000000000 0.00000000000 0.00000000000 0.00000000000 0.00000000000 0.00000000000 0.00000000000
 0.00000000000 0.00000000000 0.00000000000 0.00000000000 0.00000000000 0.00000000000 0.00000000000 0.00000000000
 0.00000000000 0.00000000000 0.00000000000 0.00000000000 0.00000000000 0.00000000000 0.00000000000 0.00000000000
 0.00000000000 0.00000000000 0.00000000000 0.00000000000 0.00000000000 0.00000000000 0.00000000000 0.00000000000
 0.00000000000 0.00000000000 0.00000000000 0.00000000000 0.00000000000 0.00000000000 0.00000000000 0.00000000000
 0.00000000000 0.00000000000 0.00000000000 0.00000000000 0.00000000000 0.00000000000 0.00000000000 0.00000000000
 0.00000000000 0.00000000000 0.00000000000 0.00000000000 0.00000000000 0.00000000000 0.00000000000 0.00000000000
 0.00000000000 0.00000000000 0.00000000000 0.00000000000 0.00000000000 0.00000000000 0.00000000000 0.00000000000
 0.00000000000 0.00000000000 0.00000000000 0.00000000000 0.00000000000 0.00000000000 0.00000000000 0.00000000000
 0.00000000000 0.00000000000 0.00000000000 0.00000000000 0.00000000000 0.00000000000 0.00000000000 0.00000000000
 0.00000000000 0.00000000000 0.00000000000 0.00000000000 0.00000000000 0.00000000000 0.00000000000 0.00000000000
 0.00000000000 0.00000000000 0.00000000000 0.00000000000 0.00000000000 0.00000000000 0.00000000000 0.00000000000
 0.00000000000 0.00000000000 0.00000000000 0.00000000000 0.00000000000 0.00000000000 0.00000000000 0.00000000000
 0.00000000000 0.00000000000 0.00000000000 0.00000000000 0.00000000000 0.00000000000 0.00000000000 0.00000000000
 0.00000000000 0.00000000000 0.00000000000 0.00000000000 0.00000000000 0.00000000000 0.00000000000 0.00000000000
 0.00000000000 0.00000000000 0.00000000000 0.00000000000 0.00000000000 0.00000000000 0.00000000000 0.00000000000
 0.00000000000 0.00000000000 0.00000000000 0.00000000000 0.00000000000 0.00000000000 0.00000000000 0.00000000000
 0.00000000000 0.00000000000 0.00000000000 0.00000000000 0.00000000000 0.00000000000 0.00000000000 0.00000000000
 0.00000000000 0.00000000000 0.00000000000 0.00000000000 0.00000000000 0.00000000000 0.00000000000 0.00000000000
 0.00000000000 0.00000000000 0.00000000000 0.00000000000 0.00000000000 0.00000000000 0.00000000000 0.00000000000
 0.00000000000 0.00000000000 0.00000000000 0.00000000000 0.00000000000 0.00000000000 0.00000000000 0.00000000000
 0.00000000000 0.00000000000 0.00000000000 0.00000000000 0.00000000000 0.00000000000 0.00000000000 0.00000000000
 0.00000000000 0.00000000000 0.00000000000 0.00000000000 0.00000000000 0.00000000000 0.00000000000 0.00000000000
 0.00000000000 0.00000000000 0.00000000000 0.00000000000 0.00000000000 0.00000000000 0.00000000000 0.00000000000
 0.00000000000 0.00000000000 0.00000000000 0.00000000000 0.00000000000 0.00000000000 0.00000000000 0.00000000000
 0.00000000000 0.00000000000 0.00000000000 0.00000000000 0.00000000000 0.00000000000 0.00000000000 0.00000000000
 0.00000000000 0.00000000000 0.00000000000 0.00000000000 0.00000000000 0.00000000000 0.00000000000 0.00000000000
 0.00000000000 0.00000000000 0.00000000000 0.00000000000 0.00000000000 0.00000000000 0.00000000000 0.00000000000
 0.00000000000 0.00000000000 0.00000000000 0.00000000000 0.00000000000 0.00000000000 0.00000000000 0.00000000000
 0.00000000000 0.00000000000 0.00000000000 0.00000000000 0.00000000000 0.00000000000 0.00000000000 0.00000000000
 0.00000000000 0.00000000000 0.00000000000 0.00000000000 0.00000000000 0.00000000000 0.00000000000 0.00000000000
 0.00000000000 0.00000000000 0.00000000000 0.00000000000 0.00000000000 0.00000000000 0.00000000000 0.00000000000
 0.00000000000 0.00000000000 0.00000000000 0.00000000000 0.00000000000 0.00000000000 0.00000000000 0.00000000000
 0.00000000000 0.00000000000 0.00000000000 0.00000000000 0.00000000000 0.00000000000 0.00000000000 0.00000000000
 0.00000000000 0.00000000000 0.00000000000 0.00000000000 0.00000000000 0.00000000000 0.00000000000 0.00000000000
 0.00000000000 0.00000000000 0.00000000000 0.00000000000 0.00000000000 0.00000000000 0.00000000000 0.00000000000
 0.00000000000 0.00000000000 0.00000000000 0.00000000000 0.00000000000 0.00000000000 0.00000000000 0.00000000000
 0.00000000000 0.00000000000 0.00000000000 0.00000000000 0.00000000000 0.00000000000 0.00000000000 0.00000000000
 0.00000000000 0.00000000000 0.00000000000 0.00000000000 0.00000000000 0.00000000000 0.00000000000 0.00000000000
 0.00000000000 0.00000000000 0.00000000000 0.00000000000 0.00000000000 0.00000000000 0.00000000000 0.00000000000
# sel_devs_ats:
 0.300468527383 0.311244564725 0.285247797516 0.278397189848 0.293156956998 0.297633883326 0.293969537627
 0.335213473389 0.335270180369 0.331161384088 0.323570476153 0.324815019799 0.329620042142 0.333205544102
 0.410011039227 0.402201607907 0.371072845232 0.386241968824 0.372233125844 0.376557404235 0.367251364865
 0.387094572490 0.470943927599 0.460465872512 0.421438495952 0.428971531717 0.434362798024 0.409162683516
 0.423558073559 0.511408451861 0.505491992547 0.469288284227 0.462008575158 0.477808644037 0.452214538299
 0.464116666571 0.487280451570 0.544565643400 0.508154452672 0.513845051464 0.485499501404 0.490831398319
 0.536523123232 0.530296543963 0.512302874834 0.541253384914 0.547275569040 0.529356438126 0.514774146264
 0.542981789074 0.558250452732 0.545663977697 0.559794407755 0.566425719591 0.553799837291 0.538012039728
 0.501586613429 0.498817046923 0.570470253716 0.587163107853 0.572132657183 0.561253276134 0.559596126067
 0.492275071230 0.506875274646 0.592558450313 0.593721072278 0.576917978119 0.570250365762 0.567843681046
 0.590536455517 0.555158351622 0.494730264435 0.526585949955 0.556812595969 0.565645716951 0.570234427272
 0.564136216869 0.540784612367 0.498757015609 0.517053817485 0.543936524424 0.555928470813 0.560302861538
 0.571355462534 0.556280262911 0.525721853335 0.537992515324 0.547776202616 0.537165374753 0.542122887650
 0.577853299000 0.547623771424 0.498329312891 0.488742382455 0.499194693461 0.514836198269 0.531378846885
 0.532109622145 0.528198639400 0.497559303724 0.494709967485 0.504701687679 0.515134577160 0.515429542161
 0.549735489779 0.507790848986 0.527794000060 0.499304762215 0.503661352371 0.511645819242 0.502084100442
 0.536886896426 0.512007951963 0.483471896997 0.495198178750 0.504654599600 0.511330944986 0.498473245213
 0.546312279334 0.511058616367 0.482196995722 0.496032244076 0.506838538798 0.513955541741 0.497275389149
 0.534384078110 0.546504057991 0.573972117858 0.562199998856 0.556480810851 0.537747478731 0.498573701418
 0.575394114488 0.557292885811 0.592826262722 0.576379333826 0.580930237302 0.570193982247 0.522165446713
 0.477969964571 0.604315910036 0.625898712814 0.601710869144 0.576403776402 0.577136120297 0.562081051765
 0.473081796285 0.563910743524 0.640195391812 0.593111394409 0.570085921519 0.561559064962 0.598026786033
 0.586190145808 0.539865825375 0.490256075105 0.577124563318 0.595024674653 0.591071107181 0.617314699196
 0.586565410585 0.558825955204 0.538275420222 0.606615756680 0.608743904975 0.609225346879 0.623131993398
 0.613948288672 0.626719994390 0.662103635147 0.641684727499 0.639653034049 0.627619986552 0.630028722389
 0.622229094964 0.644000314355 0.678262249374 0.652314919463 0.639568046664 0.642808206695 0.652062316589
 0.635366378294 0.651710353181 0.695609146860 0.666438741073 0.655819557101 0.660800453141 0.667899792706
 0.633629062364 0.645764852775 0.722156094054 0.672866512183 0.667162347387 0.674034684627 0.680174155893
 0.686991281944 0.677701158213 0.603568577612 0.661782798856 0.680308071158 0.689203593336 0.689660313025
 0.672692953779 0.671490357742 0.621108817192 0.661687094636 0.679879432018 0.692610970328 0.688657268020
# sel_coffs_fsh:
 -3.64198429997 -1.71741888495 -0.523143412909 0.337768353631 0.312127131076 0.284141611261 0.237547635234 0.197028704978 0.167489749562 0.147798718362 0.134427074922 0.125260844228
# sel_coffs_bts:
 -0.0100000000000 -0.0100000000000 -0.0100000000000 -0.0100000000000 -0.0100000000000 -0.0100000000000 -0.0100000000000 -0.0100000000000
# sel_coffs_ats:
 -0.161490634190 -0.166612343028 0.0137663882931 0.135619504565 0.174920474145 0.268462479017 0.395990862265
# sel_slp_bts:
0.427670198245
# sel_a50_bts:
7.22628210822
# sel_age_one_bts:
-3.22138833965
# sel_slp_bts_dev_est:
 0.786300625595 0.763846714417 0.330732177629 0.392536261360 0.304531385080 0.232487904797 0.375384279284 1.18166795982 1.06990749114 1.00564677059 1.15008015679 1.11590090774 1.07146011515 0.681890315257 0.528838051951 0.303437101782 0.216338347543 0.494085378777 0.345774267569 0.773947282014 1.01758012264 0.917568969293 1.05959728030 0.755258676222 1.18627232591 1.38159063753 1.06380615614 1.60334959679 1.37927299005 1.02343221816 1.12329419883 1.36249738518 1.26742879862 1.26175401239 1.07243986153 0.463869228499 0.836413247568 0.715874599651 0.631907693545 0.805095295974 0.481396892712 0.590793425733
# sel_a50_bts_dev_est:
 -0.263759934651 -0.153095168831 -0.0335597737187 -0.0156267270301 -0.0691957222129 -0.209285388345 -0.266666687920 -0.373558679811 -0.291845652653 -0.288510942500 -0.323239446577 -0.241599830904 -0.152069059303 0.0373096534471 0.0735906177710 0.165451660904 0.121634216988 -0.0166959816770 0.0202082249492 -0.104960984088 -0.155204055818 -0.119599215070 -0.182224151715 -0.0712297774929 -0.246124631565 -0.275331628923 -0.181995420555 -0.368570826777 -0.244981802177 -0.198312148608 -0.229216211213 -0.315664433852 -0.364495214207 -0.304678279112 -0.225766356083 5.79901169920e-06 -0.182900534647 -0.100961756948 -0.0278960329259 -0.113788369289 0.0414110777976 -0.123938382631
# sel_age_one_bts_dev_est:
 -0.00585656433481 0.0125293751980 -0.248497506378 -0.436052477908 -0.272416105673 -0.321405907886 -0.0818699348558 0.0669161376559 -0.193107341521 -0.0550253701374 0.00152396096440 -0.116479856183 -0.144075323456 -0.133857093990 -0.0363225820605 0.0224188387591 0.0724911521115 0.152985788594 0.0359447636229 0.0361197078232 0.188666909499 0.0134439462911 -0.0612012295309 -0.0644799823329 -0.0862940482138 0.140748958149 0.312994777356 0.279302270968 -0.120685733094 -0.105870104949 0.154919183776 0.113035390932 -0.00148513243066 -0.109591898225 -0.117701145997 -0.0718736173977 0.209139079619 0.0579104078536 -0.0933182632282 -0.0346942764644 -0.0705608912059 -0.0862145170368
# sel_dif1_fsh:
1.00000000000
# sel_a501_fsh:
3.00000000000
# sel_trm2_fsh:
0.900000000000
# sel_dif2_fsh:
5.00000000000
# sel_dif1_fsh_dev:
 0.00000000000 0.00000000000 0.00000000000 0.00000000000 0.00000000000 0.00000000000 0.00000000000 0.00000000000 0.00000000000 0.00000000000 0.00000000000 0.00000000000 0.00000000000 0.00000000000 0.00000000000 0.00000000000 0.00000000000 0.00000000000 0.00000000000 0.00000000000 0.00000000000 0.00000000000 0.00000000000 0.00000000000 0.00000000000 0.00000000000 0.00000000000 0.00000000000 0.00000000000 0.00000000000 0.00000000000 0.00000000000 0.00000000000 0.00000000000 0.00000000000 0.00000000000 0.00000000000 0.00000000000 0.00000000000 0.00000000000 0.00000000000 0.00000000000 0.00000000000 0.00000000000 0.00000000000 0.00000000000 0.00000000000 0.00000000000 0.00000000000 0.00000000000 0.00000000000 0.00000000000 0.00000000000 0.00000000000 0.00000000000 0.00000000000 0.00000000000 0.00000000000 0.00000000000 0.00000000000 0.00000000000
# sel_a501_fsh_dev:
 0.00000000000 0.00000000000 0.00000000000 0.00000000000 0.00000000000 0.00000000000 0.00000000000 0.00000000000 0.00000000000 0.00000000000 0.00000000000 0.00000000000 0.00000000000 0.00000000000 0.00000000000 0.00000000000 0.00000000000 0.00000000000 0.00000000000 0.00000000000 0.00000000000 0.00000000000 0.00000000000 0.00000000000 0.00000000000 0.00000000000 0.00000000000 0.00000000000 0.00000000000 0.00000000000 0.00000000000 0.00000000000 0.00000000000 0.00000000000 0.00000000000 0.00000000000 0.00000000000 0.00000000000 0.00000000000 0.00000000000 0.00000000000 0.00000000000 0.00000000000 0.00000000000 0.00000000000 0.00000000000 0.00000000000 0.00000000000 0.00000000000 0.00000000000 0.00000000000 0.00000000000 0.00000000000 0.00000000000 0.00000000000 0.00000000000 0.00000000000 0.00000000000 0.00000000000 0.00000000000 0.00000000000
# sel_trm2_fsh_dev:
 0.00000000000 0.00000000000 0.00000000000 0.00000000000 0.00000000000 0.00000000000 0.00000000000 0.00000000000 0.00000000000 0.00000000000 0.00000000000 0.00000000000 0.00000000000 0.00000000000 0.00000000000 0.00000000000 0.00000000000 0.00000000000 0.00000000000 0.00000000000 0.00000000000 0.00000000000 0.00000000000 0.00000000000 0.00000000000 0.00000000000 0.00000000000 0.00000000000 0.00000000000 0.00000000000 0.00000000000 0.00000000000 0.00000000000 0.00000000000 0.00000000000 0.00000000000 0.00000000000 0.00000000000 0.00000000000 0.00000000000 0.00000000000 0.00000000000 0.00000000000 0.00000000000 0.00000000000 0.00000000000 0.00000000000 0.00000000000 0.00000000000 0.00000000000 0.00000000000 0.00000000000 0.00000000000 0.00000000000 0.00000000000 0.00000000000 0.00000000000 0.00000000000 0.00000000000 0.00000000000 0.00000000000
# rec_dev_future:
 0.00000000000 0.00000000000 0.00000000000 0.00000000000 0.00000000000
# M_dev:
 0.00000000000 0.00000000000 0.00000000000 0.00000000000 0.00000000000 0.00000000000 0.00000000000 0.00000000000 0.00000000000 0.00000000000 0.00000000000 0.00000000000 0.00000000000 0.00000000000 0.00000000000 0.00000000000 0.00000000000 0.00000000000 0.00000000000 0.00000000000 0.00000000000 0.00000000000 0.00000000000 0.00000000000 0.00000000000 0.00000000000 0.00000000000 0.00000000000 0.00000000000 0.00000000000 0.00000000000 0.00000000000 0.00000000000 0.00000000000 0.00000000000 0.00000000000 0.00000000000 0.00000000000 0.00000000000 0.00000000000 0.00000000000 0.00000000000 0.00000000000 0.00000000000 0.00000000000 0.00000000000 0.00000000000 0.00000000000 0.00000000000 0.00000000000 0.00000000000 0.00000000000 0.00000000000 0.00000000000 0.00000000000 0.00000000000 0.00000000000 0.00000000000 0.00000000000 0.00000000000
# L1:
28.3062069824
# L2:
44.8853389604
# log_alpha:
-11.0000000000
# log_K:
-0.135566578465
# d_scale:
 0.850000000000 0.850000000000 0.850000000000 0.850000000000 0.850000000000 0.850000000000 0.850000000000 0.850000000000 0.850000000000 0.850000000000 0.850000000000 0.850000000000 0.850000000000
# coh_eff:
 0.00000000000 0.00000000000 0.00000000000 0.00000000000 0.00000000000 0.00000000000 0.00000000000 0.00000000000 0.00000000000 0.00000000000 0.00000000000 0.00000000000 0.00000000000 0.00000000000 0.00000000000 0.00000000000 0.00000000000 0.00000000000 0.00000000000 0.00000000000 0.00000000000 0.00000000000 0.00000000000 0.00000000000 0.00000000000 0.00000000000 0.00000000000 0.00000000000 0.00000000000 0.00000000000 0.00000000000 0.00000000000 0.00000000000 0.00000000000 0.00000000000 0.00000000000 0.00000000000 0.00000000000 0.00000000000 0.00000000000 0.00000000000 0.00000000000 0.00000000000 0.00000000000 0.00000000000 0.00000000000 0.00000000000 0.00000000000 0.00000000000 0.00000000000 0.00000000000 0.00000000000 0.00000000000 0.00000000000 0.00000000000 0.00000000000 0.00000000000 0.00000000000 0.00000000000 0.00000000000 0.00000000000 0.00000000000 0.00000000000 0.00000000000 0.00000000000 0.00000000000 0.00000000000 0.00000000000 0.00000000000 0.00000000000 0.00000000000 0.00000000000
# yr_eff:
 0.00000000000 0.00000000000 0.00000000000 0.00000000000 0.00000000000 0.00000000000 0.00000000000 0.00000000000 0.00000000000 0.00000000000 0.00000000000 0.00000000000 0.00000000000 0.00000000000 0.00000000000 0.00000000000 0.00000000000 0.00000000000 0.00000000000 0.00000000000 0.00000000000 0.00000000000 0.00000000000 0.00000000000 0.00000000000 0.00000000000 0.00000000000 0.00000000000 0.00000000000 0.00000000000 0.00000000000 0.00000000000 0.00000000000 0.00000000000 0.00000000000 0.00000000000 0.00000000000 0.00000000000 0.00000000000 0.00000000000 0.00000000000 0.00000000000 0.00000000000 0.00000000000 0.00000000000 0.00000000000 0.00000000000 0.00000000000 0.00000000000 0.00000000000 0.00000000000 0.00000000000 0.00000000000 0.00000000000 0.00000000000 0.00000000000 0.00000000000 0.00000000000 0.00000000000 0.00000000000
# resid_temp_x1:
0.00000000000
# resid_temp_x2:
0.00000000000
# log_a_II:
 -6.00000000000 -6.00000000000 -6.00000000000
 -6.00000000000 -6.00000000000 -6.00000000000
# log_b_II:
 6.00000000000 6.00000000000 6.00000000000
 6.00000000000 6.00000000000 6.00000000000
# log_a_II_vec:
 -4.00000000000 -4.00000000000
# log_b_II_vec:
 2.50000000000 2.50000000000
# log_rho:
 -2.50000000000 -2.50000000000 -2.50000000000
 -2.50000000000 -2.50000000000 -2.50000000000
# log_resid_M:
 -1.45000000000 -1.45000000000 -1.45000000000
