    unsorted:	 28.24072938 28.24072938 28.24072938 28.24072938 28.24072938 48.18562237 48.14852142 47.95371609 48.35372344 47.12422260 45.82573619 53.24565627 33.13083755 125.6084873 152.2665780 327.2694806 470.6839009 616.3120321 843.0248383 1334.530729 1868.642108 2318.185011 2650.586203 3102.179523 3365.280978 3823.399229 4250.807718 4474.530890 4695.407612 5071.280108 4871.323061 5462.823409 6143.237182 6613.491499 6768.492535 7055.264276 7355.397732 7574.963702 7729.095118 8125.324833 8668.395376 9055.632244 8995.065159 9226.725760 9669.564063 10400.57204 10298.87482 10890.72109 11092.04152 12336.83153 12506.55643 12884.55267 13229.18198 13936.31845 14660.42585 14966.97444 16512.61573 16992.28226 17587.54987 18440.03051 19419.97556 19920.00034 23235.96036 24507.95686 25108.10636 25580.11269 27771.50537 28184.71037 29718.73483 31086.40232 33064.05828 98667.18880 98594.00328 98823.78947 98853.53565 98433.85666 99037.39440 98320.84360 98260.63636 99105.27677 98127.71739 98064.88301 97977.35000 99343.57334 99386.69373 97710.27238 99591.07564 97552.47028 97409.29782 97090.63065 99959.27922 96962.57546 100188.4628 100461.3317 100364.9837 96663.29928 96533.28522 101314.6164 101446.2359 95710.07792 101892.8656 102317.3684 102654.2284 105342.1253 40666.59996 44341.05897 86533.78555 107533.7527 53612.92682 111151.7725 113916.5771 116700.0890 128096.9748 146649.2076 152101.2889 160257.9811 162890.0098 188233.0219 213850.1411 224505.3771 254964.0318 285708.2617 322619.5616 330488.1390 378509.7705 552005.1164 541538.9014 982658.8900 1232924.250 14003420.66
      sorted:	 28.24072938 28.24072938 28.24072938 28.24072938 28.24072938 33.13083755 45.82573619 47.12422260 47.95371609 48.14852142 48.18562237 48.35372344 53.24565627 125.6084873 152.2665780 327.2694806 470.6839009 616.3120321 843.0248383 1334.530729 1868.642108 2318.185011 2650.586203 3102.179523 3365.280978 3823.399229 4250.807718 4474.530890 4695.407612 4871.323061 5071.280108 5462.823409 6143.237182 6613.491499 6768.492535 7055.264276 7355.397732 7574.963702 7729.095118 8125.324833 8668.395376 8995.065159 9055.632244 9226.725760 9669.564063 10298.87482 10400.57204 10890.72109 11092.04152 12336.83153 12506.55643 12884.55267 13229.18198 13936.31845 14660.42585 14966.97444 16512.61573 16992.28226 17587.54987 18440.03051 19419.97556 19920.00034 23235.96036 24507.95686 25108.10636 25580.11269 27771.50537 28184.71037 29718.73483 31086.40232 33064.05828 40666.59996 44341.05897 53612.92682 86533.78555 95710.07792 96533.28522 96663.29928 96962.57546 97090.63065 97409.29782 97552.47028 97710.27238 97977.35000 98064.88301 98127.71739 98260.63636 98320.84360 98433.85666 98594.00328 98667.18880 98823.78947 98853.53565 99037.39440 99105.27677 99343.57334 99386.69373 99591.07564 99959.27922 100188.4628 100364.9837 100461.3317 101314.6164 101446.2359 101892.8656 102317.3684 102654.2284 105342.1253 107533.7527 111151.7725 113916.5771 116700.0890 128096.9748 146649.2076 152101.2889 160257.9811 162890.0098 188233.0219 213850.1411 224505.3771 254964.0318 285708.2617 322619.5616 330488.1390 378509.7705 541538.9014 552005.1164 982658.8900 1232924.250 14003420.66
