# Number of parameters = 578 Objective function value = 277.160910937147  Maximum gradient component = 6.64578893184632e-05
# tau:
0.200000000000
# Mest:
0.300000000000
# log_Linf:
4.30945594184
# log_k:
-1.83258146375
# log_Lo:
2.89037175790
# log_sdage:
-2.40794560865
# mean_log_rec:
5.39312614605
# steepness:
0.800000000000
# log_Rzero:
6.25046035780
# rec_dev:
 -0.0619281654797 -0.0816802280122 -0.107664136126 -0.151515819022 -0.222104685692 -0.354675282876 -0.520855982720 -0.188285712583 -0.151225700472 0.676810200160 0.856697267698 0.0777818589717 1.19055792493 -0.115549841751 -0.598313614964 -0.500896090456 -0.939492148274 -0.625381000208 -0.526210754749 -0.0400250843082 -0.168757878376 0.156514507267 -0.0562675336402 0.868944947862 0.115576189147 -0.431929674423 -0.00299505573283 0.496116289097 -0.428084578595 -0.436503969260 0.520289429092 -0.937839072354 -0.495034644456 0.364426727213 1.17950937326 0.757985843066 0.884666919237 -0.682410259079 -0.425449849179 -0.143690262143 -0.510420911214 0.471406051247 0.326163627467 -0.832612092218 -0.0448579879876 -0.375350814534 0.0548654162471 0.682209223128 0.334191006125 -0.945838935909 -0.0861001176977 -0.413178836978 0.414738802820 -0.0743242969288 -0.114625798977 -0.0303430385330 0.000512441069562
# log_sigmar:
-0.744196376304
# fmort:
 0.105321741692 0.109903586003 0.0620002843188 0.0466345333046 0.0350680441705 0.0257019673703 0.0153995496774 0.0557245857635 0.0841651719570 0.0905804319883 0.0675245386396 0.0571405203812 0.0348827252846 0.0302035168630 0.0490072170909 0.0660579800708 0.0978968691543 0.125309467208 0.202108914100 0.290160283163 0.175584345404 0.213303490467 0.156770679557 0.142675712706 0.188200531033 0.135482955810 0.115181108888 0.0916684252931 0.0871480464917 0.0976334474052 0.0966836296753 0.121040046701 0.184571094600 0.179211427702 0.124828524157 0.151377570768 0.0634993260297 0.0697494105363 0.151175401912 0.147062992507 0.167854090214 0.177073854490 0.152665114311 0.170222993304 0.179440150249 0.207340072875
# log_selcoffs_fsh[1]:
 -4.39804398662 -1.97258731652 0.0610338380091 0.813491908470 0.904910771143 0.515906633844 0.0734860461867 -0.425779928189 -0.946783073443 -1.32603757413
 -4.44019213876 -2.06710266751 0.134484861080 0.644264000834 0.879704419426 0.601938427535 0.179467711552 -0.354316098004 -0.905948283832 -1.29138791053
 -4.43754362531 -2.35974539495 -0.289510291940 0.774751431091 0.845323531644 0.613069074720 0.287843487674 -0.275641118999 -0.862487603963 -1.25356978200
 -4.41977472549 -2.39030707502 -0.509480348285 0.579376380765 0.819946377528 0.660723660983 0.516117365229 -0.138550128235 -0.790206832603 -1.19014354693
 -4.41598932166 -2.41264131724 -0.564852902599 0.207423243871 0.599523779255 0.746521334228 0.878350478888 -0.0435227926348 -0.736980820992 -1.12208942874
 -4.42047034072 -2.46448664587 -0.812562087075 0.110398696532 0.862951549201 0.893488522381 0.565045266732 -0.0971740805508 -0.678421969577 -1.03747609706
 -4.45889362111 -2.45804426730 -0.691067298340 0.165007230264 0.667743954759 0.930254822366 0.609004593171 -0.0590818267834 -0.582422809528 -0.922263346447
 -4.51782264875 -2.45944206976 -0.665815670790 0.241409196216 0.618567367046 0.800101262527 0.624413037059 0.0591013366401 -0.426078040420 -0.790589043838
 -4.59426610340 -2.41533811988 -0.281201962502 0.361573644470 0.548920643087 0.611190881341 0.484204856532 0.158642152544 -0.220705922224 -0.617431312871
 -4.63857468586 -2.47104031439 -0.350210178618 0.259891762523 0.451130338735 0.486873407357 0.474606122599 0.330722852257 0.0450963602217 -0.412925260260
 -4.65365819421 -2.47754339265 -0.420223031061 0.378534432873 0.459076781041 0.398448873677 0.396198384695 0.304010462561 0.0616867343656 -0.207910663333
 -4.66260776066 -2.50068881805 -0.389007982814 0.653860058943 0.525856962902 0.314041980637 0.291009314065 0.177987199946 -0.0226461896196 -0.305437663160
 -4.64063850384 -2.44754227500 -0.447862820298 0.573159072718 0.583189918086 0.367986352698 0.280973761660 0.163776163482 -0.0287401851908 -0.247971111613
 -4.64663966640 -2.47669923665 -0.390814728719 0.599623939139 0.560868954319 0.334233825526 0.269391872050 0.150763923486 -0.0176691121042 -0.216904484045
 -4.63527719565 -2.57513355987 -0.750698830322 0.350132504154 0.572628281557 0.481360854723 0.368195463554 0.221826457378 0.0461559905894 -0.115469115168
 -4.65502348930 -2.68823786535 -0.960638199758 0.170722403746 0.531158815947 0.526174636899 0.421286639920 0.286199732810 0.121442491948 -0.0243709989767
 -4.70718357609 -2.81535578937 -1.12115104396 -0.0250640437223 0.444799421679 0.565382502806 0.472322645918 0.358986223658 0.199841415996 0.0514871520829
 -4.78663009169 -2.96761879041 -1.26543259000 -0.166070195684 0.388624568115 0.546652684432 0.487824295665 0.437443097279 0.280219415876 0.102364582484
 -4.87311362903 -3.05421162244 -1.37722914977 -0.181225524059 0.275685471972 0.480497244370 0.539702326919 0.487567654793 0.335673018118 0.166891777912
 -4.97820669178 -3.14027665167 -1.47592445740 -0.268015247764 0.221669221687 0.449618140241 0.565280560782 0.564306282173 0.354981115948 0.179137200599
 -5.08476761590 -3.20503806614 -1.48414515813 -0.284235872628 0.274520191404 0.420218218767 0.540499482278 0.548695818280 0.381902293453 0.201181837552
 -5.21617495836 -3.27310631746 -1.54350954895 -0.218989567435 0.249945779698 0.390972356723 0.530617991742 0.570005248804 0.402044854021 0.194095838238
 -5.37530190343 -3.31940854794 -1.44586306579 -0.0905172892755 0.188206042372 0.365927308838 0.494974446362 0.629524147918 0.403460410734 0.137230294942
 -5.52289381493 -3.41225806024 -1.17861743076 -0.160145642970 0.179690292480 0.380936872146 0.537686086512 0.669939520933 0.358893671989 0.0439302063296
 -5.53343941311 -3.45859820149 -1.21998204401 -0.139153155164 0.236692804079 0.421957202424 0.621826509096 0.606122376036 0.296836715707 -0.0345730543461
 -5.46810151391 -3.35937565331 -1.32736725726 -0.121548986686 0.252634383976 0.445469096235 0.689366635456 0.573361045654 0.237164174468 -0.0754307758394
 -5.36784871666 -3.25658106246 -1.08833771817 -0.114622170800 0.311655306486 0.478316646728 0.627472534917 0.575918941866 0.188665225253 -0.116505517219
 -5.24940696754 -2.95434203142 -0.916308811548 0.0373215673512 0.371145743679 0.479898409131 0.562036746005 0.486243931111 0.173891447202 -0.140472773946
 -5.15569882586 -2.65359191646 -0.708332509464 0.102867281826 0.376719588863 0.472293720603 0.581628633133 0.399346945182 0.121613309695 -0.159294674782
 -5.11603722620 -2.38144787555 -0.221296672718 0.0841183491541 0.313835175169 0.402988168978 0.533515110106 0.361302560951 0.132197916321 -0.143931111593
 -5.14099678405 -2.36102635509 -0.176729068139 0.187762482280 0.182860830462 0.298254472142 0.540600435942 0.409895346240 0.188830998834 -0.132863497254
 -5.18083289042 -2.50632130488 -0.408070778104 0.0901496202739 0.156097181159 0.339441038923 0.514991112920 0.456021167531 0.353399395266 -0.0996770018478
 -5.22163935896 -2.75891549083 -0.788558652559 0.0174474520184 0.289555588506 0.374363091028 0.548902801270 0.464223849829 0.301404303253 -0.00465552365377
 -5.31738427353 -2.95393040206 -1.10261680231 0.00422386303656 0.305193920687 0.489713973036 0.516989920015 0.427621238488 0.321352898806 0.0280226465233
 -5.40766270241 -3.13879212221 -1.29207787582 -0.345000804805 0.205385717660 0.487606104332 0.501355011658 0.397796573181 0.438831542145 0.352387621567
 -5.53775454275 -3.23954793120 -1.32061057627 -0.507293398841 0.00218473166941 0.395498593303 0.490044667794 0.432533497511 0.494735540576 0.580462902953
 -5.71401795127 -3.18528180225 -0.875271561764 -0.115872996570 -0.0220558663192 0.259825313320 0.428862463545 0.442144115285 0.490766553463 0.499556299913
 -5.86251058595 -3.26144421981 -0.0386551393511 -0.398889431377 0.0275285922063 0.239200253648 0.222571315583 0.411587267759 0.551822334597 0.426979404897
 -5.90603534639 -3.55902651104 -1.30017072445 -0.507803285114 -0.103878604442 0.238248763950 0.470116809867 0.741981612502 0.668036472112 0.241746568716
 -5.93239482778 -3.64437790435 -1.63903344311 -0.487535372585 -0.271428390540 0.158651679341 0.509480127838 0.715350619863 0.820251070536 0.221771176431
 -5.94508611994 -3.65357941519 -1.67069137599 -0.520178311212 -0.112160002022 0.182169365857 0.561160325123 0.622583756021 0.713070186606 0.363632340576
 -6.00728107210 -3.67182154480 -1.50053529766 -0.627305867808 0.0786764093560 0.312357158450 0.427406332702 0.676696719881 0.652816503963 0.296383188006
 -6.04153880922 -3.76711322311 -1.71798414293 -0.499141110271 0.0377067886160 0.376784541998 0.563926275148 0.637253719853 0.590827541549 0.213243270915
 -6.07298480527 -3.79286221021 -1.60745101417 -0.570790013730 -0.107759152559 0.300325317672 0.575885192753 0.772536429031 0.607637198714 0.166787128939
 -6.08855726138 -3.84060103555 -1.75405061335 -0.612280103098 -0.107928475585 0.110728299151 0.517919139709 0.839784547539 0.751511239733 0.123704714192
# log_sel_spl_fsh[1]:
 0.00000000000 0.00000000000 0.00000000000 0.00000000000
 0.00000000000 0.00000000000 0.00000000000 0.00000000000
 0.00000000000 0.00000000000 0.00000000000 0.00000000000
 0.00000000000 0.00000000000 0.00000000000 0.00000000000
 0.00000000000 0.00000000000 0.00000000000 0.00000000000
 0.00000000000 0.00000000000 0.00000000000 0.00000000000
 0.00000000000 0.00000000000 0.00000000000 0.00000000000
 0.00000000000 0.00000000000 0.00000000000 0.00000000000
 0.00000000000 0.00000000000 0.00000000000 0.00000000000
 0.00000000000 0.00000000000 0.00000000000 0.00000000000
 0.00000000000 0.00000000000 0.00000000000 0.00000000000
 0.00000000000 0.00000000000 0.00000000000 0.00000000000
 0.00000000000 0.00000000000 0.00000000000 0.00000000000
 0.00000000000 0.00000000000 0.00000000000 0.00000000000
 0.00000000000 0.00000000000 0.00000000000 0.00000000000
 0.00000000000 0.00000000000 0.00000000000 0.00000000000
 0.00000000000 0.00000000000 0.00000000000 0.00000000000
 0.00000000000 0.00000000000 0.00000000000 0.00000000000
 0.00000000000 0.00000000000 0.00000000000 0.00000000000
 0.00000000000 0.00000000000 0.00000000000 0.00000000000
 0.00000000000 0.00000000000 0.00000000000 0.00000000000
 0.00000000000 0.00000000000 0.00000000000 0.00000000000
 0.00000000000 0.00000000000 0.00000000000 0.00000000000
 0.00000000000 0.00000000000 0.00000000000 0.00000000000
 0.00000000000 0.00000000000 0.00000000000 0.00000000000
 0.00000000000 0.00000000000 0.00000000000 0.00000000000
 0.00000000000 0.00000000000 0.00000000000 0.00000000000
 0.00000000000 0.00000000000 0.00000000000 0.00000000000
 0.00000000000 0.00000000000 0.00000000000 0.00000000000
 0.00000000000 0.00000000000 0.00000000000 0.00000000000
 0.00000000000 0.00000000000 0.00000000000 0.00000000000
 0.00000000000 0.00000000000 0.00000000000 0.00000000000
 0.00000000000 0.00000000000 0.00000000000 0.00000000000
 0.00000000000 0.00000000000 0.00000000000 0.00000000000
 0.00000000000 0.00000000000 0.00000000000 0.00000000000
 0.00000000000 0.00000000000 0.00000000000 0.00000000000
 0.00000000000 0.00000000000 0.00000000000 0.00000000000
 0.00000000000 0.00000000000 0.00000000000 0.00000000000
 0.00000000000 0.00000000000 0.00000000000 0.00000000000
 0.00000000000 0.00000000000 0.00000000000 0.00000000000
 0.00000000000 0.00000000000 0.00000000000 0.00000000000
 0.00000000000 0.00000000000 0.00000000000 0.00000000000
 0.00000000000 0.00000000000 0.00000000000 0.00000000000
 0.00000000000 0.00000000000 0.00000000000 0.00000000000
 0.00000000000 0.00000000000 0.00000000000 0.00000000000
# logsel_slope_fsh[1]:
 0.00000000000 0.00000000000 0.00000000000 0.00000000000 0.00000000000 0.00000000000 0.00000000000 0.00000000000 0.00000000000 0.00000000000 0.00000000000 0.00000000000 0.00000000000 0.00000000000 0.00000000000 0.00000000000 0.00000000000 0.00000000000 0.00000000000 0.00000000000 0.00000000000 0.00000000000 0.00000000000 0.00000000000 0.00000000000 0.00000000000 0.00000000000 0.00000000000 0.00000000000 0.00000000000 0.00000000000 0.00000000000 0.00000000000 0.00000000000 0.00000000000 0.00000000000 0.00000000000 0.00000000000 0.00000000000 0.00000000000 0.00000000000 0.00000000000 0.00000000000 0.00000000000 0.00000000000
# sel50_fsh[1]:
 0.00000000000 0.00000000000 0.00000000000 0.00000000000 0.00000000000 0.00000000000 0.00000000000 0.00000000000 0.00000000000 0.00000000000 0.00000000000 0.00000000000 0.00000000000 0.00000000000 0.00000000000 0.00000000000 0.00000000000 0.00000000000 0.00000000000 0.00000000000 0.00000000000 0.00000000000 0.00000000000 0.00000000000 0.00000000000 0.00000000000 0.00000000000 0.00000000000 0.00000000000 0.00000000000 0.00000000000 0.00000000000 0.00000000000 0.00000000000 0.00000000000 0.00000000000 0.00000000000 0.00000000000 0.00000000000 0.00000000000 0.00000000000 0.00000000000 0.00000000000 0.00000000000 0.00000000000
# logsel_p1_fsh[1]:
 0.00000000000 0.00000000000 0.00000000000 0.00000000000 0.00000000000 0.00000000000 0.00000000000 0.00000000000 0.00000000000 0.00000000000 0.00000000000 0.00000000000 0.00000000000 0.00000000000 0.00000000000 0.00000000000 0.00000000000 0.00000000000 0.00000000000 0.00000000000 0.00000000000 0.00000000000 0.00000000000 0.00000000000 0.00000000000 0.00000000000 0.00000000000 0.00000000000 0.00000000000 0.00000000000 0.00000000000 0.00000000000 0.00000000000 0.00000000000 0.00000000000 0.00000000000 0.00000000000 0.00000000000 0.00000000000 0.00000000000 0.00000000000 0.00000000000 0.00000000000 0.00000000000 0.00000000000
# logsel_p2_fsh[1]:
 0.00000000000 0.00000000000 0.00000000000 0.00000000000 0.00000000000 0.00000000000 0.00000000000 0.00000000000 0.00000000000 0.00000000000 0.00000000000 0.00000000000 0.00000000000 0.00000000000 0.00000000000 0.00000000000 0.00000000000 0.00000000000 0.00000000000 0.00000000000 0.00000000000 0.00000000000 0.00000000000 0.00000000000 0.00000000000 0.00000000000 0.00000000000 0.00000000000 0.00000000000 0.00000000000 0.00000000000 0.00000000000 0.00000000000 0.00000000000 0.00000000000 0.00000000000 0.00000000000 0.00000000000 0.00000000000 0.00000000000 0.00000000000 0.00000000000 0.00000000000 0.00000000000 0.00000000000
# logsel_p3_fsh[1]:
 0.00000000000 0.00000000000 0.00000000000 0.00000000000 0.00000000000 0.00000000000 0.00000000000 0.00000000000 0.00000000000 0.00000000000 0.00000000000 0.00000000000 0.00000000000 0.00000000000 0.00000000000 0.00000000000 0.00000000000 0.00000000000 0.00000000000 0.00000000000 0.00000000000 0.00000000000 0.00000000000 0.00000000000 0.00000000000 0.00000000000 0.00000000000 0.00000000000 0.00000000000 0.00000000000 0.00000000000 0.00000000000 0.00000000000 0.00000000000 0.00000000000 0.00000000000 0.00000000000 0.00000000000 0.00000000000 0.00000000000 0.00000000000 0.00000000000 0.00000000000 0.00000000000 0.00000000000
# rec_dev_future:
 0.00000000000 0.00000000000 0.00000000000 0.00000000000 0.00000000000 0.00000000000 0.00000000000 0.00000000000 0.00000000000 0.00000000000
# log_q_ind[1]:
0.513149317137
# log_q_power_ind[1]:
0.00000000000
# log_selcoffs_ind[1]:
 -4.08287626577 -1.79910439843 -0.376133910760 -0.0255068641347 -0.0640955973785 0.0334231595859 0.337655014393 0.515737065200 0.478970824543 0.401137913506
# logsel_slope_ind[1]:
 0.00000000000
# sel50_ind[1]:
 0.00000000000
# logsel_p1_ind[1]:
 0.00000000000
# logsel_p2_ind[1]:
 0.00000000000
# logsel_p3_ind[1]:
 0.00000000000
# repl_F:
0.104211747973
