    unsorted:	 1.904503375e-006 1.330867584e-006 3.177759128e-006 3.282013920e-007 4.843534816e-007 6.160899702e-007 2.018096065e-006 3.286748825e-006 0.1023343187 0.2378805852 1.146589899 6.123042203 8.931546320 11.79198557 -4.213786237 27.93881832 22.52750684 26.69445395 38.29447144 -20.16590448 56.97199412 67.86859745 88.83927310 86.22490806 103.5077683 162.4511661 183.0786457 180.3033066 211.1842653 -90.24291418 245.7786438 -146.1746491 305.1128741 375.3863770 382.7353178 410.8927377 -220.5952091 503.7843655 564.8091023 554.5616223 607.2983499 647.0440418 670.3905873 752.7277565 805.4143836 873.3670448 914.9022241 962.5229953 989.9498355 -464.2122369 1061.700942 1099.921183 1172.224416 -709.5119561 -754.7879206 -840.8413924 1357.950502 1416.309721 1436.662309 1493.244018 1477.895769 1518.040221 -957.5092174 -1044.902924 -1142.645669 -1263.566742 1778.952343 1808.665530 1848.042421 -1491.045732 -1508.632217 1940.481356 -1644.645409 -1703.942574 -1786.444379 -1853.554834 -1939.721744 -2029.374564 -2135.365617 2143.367997 -2297.692837 -2393.890345 2275.970586 2375.088161 -2547.125330 -2587.471501 -2780.722236 -2826.281692 2505.702801 -2928.658341 -2986.886145 2636.026428 -3130.094044 -3184.000142 -3254.330059 2844.460072 -3500.071562 -3861.186178 -4063.376437 3434.708263 -4385.034409 3711.434373 -4619.880312 4026.082760 -5639.017210 -5740.771054 -5982.676693 -6031.344531 -7376.167813 -8411.200121 -8917.467615 10876.98277 20469.74920 572943.0583 573596.0351 571343.4077 570678.4345 574861.9558 568964.6423 567620.9774 565556.6292 564863.7201 564198.6326 577961.9284 583926.6586 589569.7032 592574.3109 595615.5571 597880.5814 599626.3205 602384.8135 604099.3844 609414.7289 608467.7890 611734.4112 612930.7355 615967.4014 618997.1416 620885.3200 625362.0750 553019.3548 627156.8255 550100.5226 633135.1397 637818.9204 515161.2550 683543.2479 181901.5813 754041.8793 1028222.670 -572524.0992 1397029.006 2121985.209 3052308.625 4687904.659 6164929.646 6.983618834e-006
      sorted:	 -572524.0992 -8917.467615 -8411.200121 -7376.167813 -6031.344531 -5982.676693 -5740.771054 -5639.017210 -4619.880312 -4385.034409 -4063.376437 -3861.186178 -3500.071562 -3254.330059 -3184.000142 -3130.094044 -2986.886145 -2928.658341 -2826.281692 -2780.722236 -2587.471501 -2547.125330 -2393.890345 -2297.692837 -2135.365617 -2029.374564 -1939.721744 -1853.554834 -1786.444379 -1703.942574 -1644.645409 -1508.632217 -1491.045732 -1263.566742 -1142.645669 -1044.902924 -957.5092174 -840.8413924 -754.7879206 -709.5119561 -464.2122369 -220.5952091 -146.1746491 -90.24291418 -20.16590448 -4.213786237 3.282013920e-007 4.843534816e-007 6.160899702e-007 1.330867584e-006 1.904503375e-006 2.018096065e-006 3.177759128e-006 3.286748825e-006 6.983618834e-006 0.1023343187 0.2378805852 1.146589899 6.123042203 8.931546320 11.79198557 22.52750684 26.69445395 27.93881832 38.29447144 56.97199412 67.86859745 86.22490806 88.83927310 103.5077683 162.4511661 180.3033066 183.0786457 211.1842653 245.7786438 305.1128741 375.3863770 382.7353178 410.8927377 503.7843655 554.5616223 564.8091023 607.2983499 647.0440418 670.3905873 752.7277565 805.4143836 873.3670448 914.9022241 962.5229953 989.9498355 1061.700942 1099.921183 1172.224416 1357.950502 1416.309721 1436.662309 1477.895769 1493.244018 1518.040221 1778.952343 1808.665530 1848.042421 1940.481356 2143.367997 2275.970586 2375.088161 2505.702801 2636.026428 2844.460072 3434.708263 3711.434373 4026.082760 10876.98277 20469.74920 181901.5813 515161.2550 550100.5226 553019.3548 564198.6326 564863.7201 565556.6292 567620.9774 568964.6423 570678.4345 571343.4077 572943.0583 573596.0351 574861.9558 577961.9284 583926.6586 589569.7032 592574.3109 595615.5571 597880.5814 599626.3205 602384.8135 604099.3844 608467.7890 609414.7289 611734.4112 612930.7355 615967.4014 618997.1416 620885.3200 625362.0750 627156.8255 633135.1397 637818.9204 683543.2479 754041.8793 1028222.670 1397029.006 2121985.209 3052308.625 4687904.659 6164929.646
