# Number of parameters = 1224 Objective function value = 740.525106862990  Maximum gradient component = 0.000376778799600388
# log_avgrec:
9.83310272024
# log_avg_F:
-1.60000000000
# natmort_phi:
0.00000000000
# log_q_bts:
0.00000000000
# log_q_std_area:
-0.600000000000
# bt_slope:
0.00000000000
# log_q_ats:
-0.610818791827
# log_Rzero:
10.2033000000
# steepness:
0.500000014661
# log_q_cpue:
-0.467182887301
# log_q_avo:
-8.18174775598
# log_initdevs:
 -0.491382189296 -0.523761012695 -1.11246141758 -1.22578724959 -0.799331401597 -0.906222817071 -0.977906277157 -0.897838954668 -0.768739061623 -0.650553783645 -0.543899394749 -0.448347501322 -0.364113818326 -0.725551347923
# log_rec_devs:
 -0.976558741577 0.237901344852 -0.104433695072 0.392274563158 0.196593377601 0.328714445700 0.204775532085 -0.296848706596 -0.515243845933 0.299989235032 -0.0394825792295 -0.207794834665 -0.438059483412 -0.359764182597 0.263334076878 1.12348173057 0.388221216134 0.545798006737 -0.0192332290381 1.00985487818 -0.290536267310 0.552158656957 -0.405466033736 -0.978442111834 -1.24333509477 -0.498326231591 0.974478258718 0.347001776678 0.193329470389 0.873345392387 -0.206816130106 -0.564575057231 0.164967678871 0.464975935812 -0.252715046777 -0.169653218971 0.262149258634 0.604897294355 0.194278899976 -0.283090235484 -1.08386957019 -1.43630265229 -0.511141584401 0.271062859324 -0.362790747283 0.955081841051 0.181716221830 -0.315934192107 -0.458377946602 0.830844361361 0.964362441679 0.108634837662 -0.874516379665 -0.857474384026 -0.122072522485 1.48212730250 0.100277852221 -0.498389623970 -0.490567694586 -0.106485487153 -0.0170706523139
# larv_rec_devs:
 0.00000000000 0.00000000000 0.00000000000 0.00000000000 0.00000000000 0.00000000000 0.00000000000 0.00000000000 0.00000000000 0.00000000000 0.00000000000
 0.00000000000 0.00000000000 0.00000000000 0.00000000000 0.00000000000 0.00000000000 0.00000000000 0.00000000000 0.00000000000 0.00000000000 0.00000000000
 0.00000000000 0.00000000000 0.00000000000 0.00000000000 0.00000000000 0.00000000000 0.00000000000 0.00000000000 0.00000000000 0.00000000000 0.00000000000
 0.00000000000 0.00000000000 0.00000000000 0.00000000000 0.00000000000 0.00000000000 0.00000000000 0.00000000000 0.00000000000 0.00000000000 0.00000000000
 0.00000000000 0.00000000000 0.00000000000 0.00000000000 0.00000000000 0.00000000000 0.00000000000 0.00000000000 0.00000000000 0.00000000000 0.00000000000
 0.00000000000 0.00000000000 0.00000000000 0.00000000000 0.00000000000 0.00000000000 0.00000000000 0.00000000000 0.00000000000 0.00000000000 0.00000000000
 0.00000000000 0.00000000000 0.00000000000 0.00000000000 0.00000000000 0.00000000000 0.00000000000 0.00000000000 0.00000000000 0.00000000000 0.00000000000
 0.00000000000 0.00000000000 0.00000000000 0.00000000000 0.00000000000 0.00000000000 0.00000000000 0.00000000000 0.00000000000 0.00000000000 0.00000000000
 0.00000000000 0.00000000000 0.00000000000 0.00000000000 0.00000000000 0.00000000000 0.00000000000 0.00000000000 0.00000000000 0.00000000000 0.00000000000
 0.00000000000 0.00000000000 0.00000000000 0.00000000000 0.00000000000 0.00000000000 0.00000000000 0.00000000000 0.00000000000 0.00000000000 0.00000000000
 0.00000000000 0.00000000000 0.00000000000 0.00000000000 0.00000000000 0.00000000000 0.00000000000 0.00000000000 0.00000000000 0.00000000000 0.00000000000
# log_F_devs:
 -1.75076734617 -1.48418237047 -1.38251453142 -0.722647516465 -0.602980853801 -0.523568878954 -0.153146389420 0.211374820647 0.375126733616 0.544159722989 0.655741837788 0.531918170301 0.513815906204 0.519969929290 0.690100057212 0.795643906764 0.760978734953 0.436870243420 -0.0441922642375 -0.272431787311 -0.319625478433 -0.324349269957 -0.411527721938 -0.719773496453 -0.393311092543 -0.342509219749 0.0876827025109 0.301323731693 0.615132834001 0.181492582033 -0.0742855248231 -0.0936128785021 0.0797216967353 0.109394679539 -0.0740686743124 -0.311950098155 -0.209488435783 -0.0663382475349 0.102496891490 0.180418017120 0.0784017481465 0.0153582638114 0.227027137762 0.312877988190 0.427353959498 0.412094667206 0.234435414741 0.549897949115 0.571376148111 0.528143347495 0.471363216624 0.545770064705 0.210797557470 0.177192084220 -0.0320283404732 0.0652403957851 0.350062485648 0.277502109501 -0.0863809718054 -0.116930415345 -0.0937581323833
# sigr:
1.00000000000
# sel_devs_fsh:
 0.0316148534917 0.0484616893912 0.109958336290 -0.0127889734012 -0.0174678332847 -0.0411144828890 -0.0304992476276 -0.0240640384512 -0.0184945686756 -0.0153371016253 -0.0146628287819 -0.0156052543276
 0.0354364823381 0.0771762169347 0.209252859645 -0.0799236066211 -0.0615828188496 -0.0465992029216 -0.0331789587852 -0.0217143202510 -0.0202526933728 -0.0197948231343 -0.0195038991995 -0.0193142580489
 0.0945594233198 0.0848074054281 0.0216016595639 0.0383694074126 0.00315141154898 -0.0138044039490 -0.0258486250213 -0.0333951194629 -0.0359363017875 -0.0404008898695 -0.0445680826624 -0.0485356891108
 0.103422531761 0.0598855278395 0.177292554636 -0.0598652286587 -0.0567323638777 -0.0469596473947 -0.0398746062475 -0.0325857965264 -0.0283686318852 -0.0257954120818 -0.0250364908565 -0.0253826116762
 0.149819884663 0.121465447167 -0.0170814966782 -0.136067808443 -0.0884882944460 -0.0520968127423 -0.0246439902166 -0.00835283743129 0.00318178943562 0.0115735133595 0.0175936476654 0.0230973411125
 -0.0269952758624 0.00461913754826 -0.0854000246514 -0.00544315802047 0.0366573112764 0.0171265682095 0.00517538024828 0.00822433457216 0.00920559217323 0.0101142773006 0.0121295953251 0.0145869723404
 -0.258336915004 0.172989146517 0.0874018120443 0.0632132788943 0.00544244955493 0.0119206783007 0.00652074676499 -0.00448035633313 -0.0109157040778 -0.0177591169970 -0.0247452953941 -0.0312499755505
 -0.279083051653 0.0827841886023 0.0251082251698 0.0453281160609 0.0484497400687 0.0468203082619 0.0360188580279 0.0230535465308 0.00836139951469 -0.00391735636366 -0.0130695055325 -0.0198549790020
 -0.239398914469 0.118586440327 0.116462796481 0.0183241697257 0.00663684369691 -0.000935838246986 -0.000698273904638 0.000142471864928 0.000436432678278 -0.00174365294912 -0.00639314580156 -0.0114191980590
 -0.232190884926 -0.212553483399 0.134790466435 0.0783693521251 0.0425808971899 0.0300122175803 0.0250923851165 0.0224001209286 0.0242668089531 0.0269418404433 0.0295237420249 0.0307667159877
 -0.229716873091 -0.134921855057 -0.0966245388206 0.0481906903216 0.0455571382140 0.0415988312513 0.0432674540144 0.0480802924024 0.0523698808811 0.0574097418893 0.0610863575293 0.0637028095069
 -0.214977111692 -0.0557138251389 -0.244087559121 -0.111132505231 0.0199222610398 0.0456656159941 0.0602487267714 0.0730033474829 0.0871605838676 0.100958867074 0.113849478166 0.125102410552
 -0.256719752525 -0.197295492933 -0.0937695972011 -0.0569924417906 0.0250802268600 0.0386364581897 0.0634859327026 0.0720985753155 0.0874873788294 0.100288266580 0.107073244974 0.110626863240
 -0.204491731266 -0.415596924685 -0.207642908875 -0.0684379024356 0.0653068768074 0.135551901069 0.116681268218 0.120107844986 0.124747979810 0.114690095905 0.110331634111 0.108751740260
 -0.207435048121 -0.498844237212 -0.287416748534 0.0548823686013 0.108417787619 0.143209383172 0.140255320559 0.128667160896 0.109280365964 0.106234717202 0.103418116185 0.0993308713587
 -0.174424229609 -0.258292899919 -0.262312812400 -0.00797328988015 0.127917319233 0.0797870953706 0.0866158916830 0.0898009972716 0.0859103128865 0.0801131015002 0.0764357283707 0.0764228766960
 -0.140204811769 -0.0879998475579 -0.274637031302 0.0119002122101 0.0508883716688 0.0659042231925 0.0624526336843 0.0647920811660 0.0644302865677 0.0624668976534 0.0604566144738 0.0595510023040
 -0.156785803293 0.111269599691 -0.0692040827867 -0.149095998144 -0.0566190366167 0.0549958709490 0.0435208365274 0.0392004675648 0.0417065397587 0.0454578993655 0.0474455754697 0.0481082839882
 -0.143316829637 -0.144430853307 0.0681427619625 -0.0666742612822 0.0594961230824 0.0262813659662 0.0421855195876 0.0324442757224 0.0308377827161 0.0306666365076 0.0318318659183 0.0325354827772
 -0.157819229103 0.0445189562328 0.142586724766 -0.0799801064753 -0.233466368311 0.0701256199933 0.0531330614841 0.0477133883863 0.0304704407939 0.0282040256811 0.0277595033169 0.0267537239402
 -0.163774342013 -0.0323954297369 0.0751163644839 0.164482789721 -0.0177945861433 -0.0658544074736 0.0235708035759 -0.0168377730351 0.00840923515022 0.00562582437183 0.00769743854518 0.0117537688641
 -0.162081224726 -0.0818246810467 0.121172972460 -0.0916445467321 0.0170640082885 -0.0402093324709 -0.0926305310352 0.111862520867 0.0993319396547 0.0640333009315 0.0366141415256 0.0183113867915
 -0.192855320275 -0.118132279733 0.449043191301 0.0347377612322 0.103680716658 -0.0607043604805 0.115761030618 -0.0859026730866 -0.0799196611217 -0.0849828939564 -0.0522619308416 -0.0284630437033
 -0.158723667785 -0.0747612161928 -0.390815452897 0.155748971706 0.0245662704102 0.0659516052143 0.126027049687 0.103611190876 0.0258681992297 0.0630145620148 0.0402412909553 0.0192720383342
 -0.151825422713 -0.0452024433928 -0.352759604440 0.0290331634741 0.170145770787 0.0473726584701 -0.0347184527402 0.0449731272837 0.0631523695716 -0.00436097531511 0.138159149200 0.0960317340247
 -0.0813239390658 -0.00302652554131 -0.377017484423 -0.323540619471 -0.222842520682 -0.0610883908520 0.124696453014 -0.0306994262485 0.162404588799 0.102529552771 0.362752645256 0.347155125216
 -0.156181914236 -0.0675465269283 0.497678403982 -0.266082974725 -0.346431721430 -0.0436717695541 -0.0282503568207 0.212512145809 0.109247831912 0.233468517715 -0.106164767310 -0.0385767649076
 -0.147313063925 -0.487970062202 -0.0269262898171 0.796574258191 -0.00114570732367 0.0165676676678 0.0874625850723 0.0279070514722 -0.0129096049497 -0.0514132853545 -0.126054487687 -0.0747795622598
 -0.0528057534600 0.0120879856121 -0.771439909744 -0.288739274542 0.913509599063 0.261463407441 0.0234105803527 -0.0263064497889 -0.0361104476868 -0.0110313531089 0.0158585713241 -0.0398949504716
 -0.0218435495141 0.188199255524 -0.286437909403 -0.686049812999 -0.357265738531 0.467178770896 0.150354114447 0.163536770694 0.132032674803 0.113778714365 0.0836083717915 0.0529096546190
 -0.0359084932159 0.516727409419 0.280695187263 -0.792956884618 -0.744392300814 -0.357478188733 0.276015516837 0.306422568505 0.225848488233 0.154115440967 0.0994678378324 0.0714459830297
 -0.135992047228 0.346996851010 0.155417016778 0.659579341369 -0.0161125561198 -0.409555706103 -0.412125289051 -0.297425636830 -0.00444543496691 0.0311129934327 0.0384627639861 0.0440882604967
 -0.108589865607 -0.382283934087 0.281565639111 0.241374829956 0.199378408090 0.280350499114 -0.240013709894 -0.0639043125506 -0.0709589321141 -0.0474730510974 -0.0483056830273 -0.0411398939824
 -0.154033115810 -0.380754271084 0.828319289911 0.459719771772 0.150880589086 -0.236598577510 0.251290735100 -0.113887485021 -0.277590072017 -0.241962981649 -0.172024013747 -0.113359825310
 -0.0774539001039 -0.152504336843 -0.551301643238 0.302426861072 0.419947366576 0.00939271498578 -0.0241367942972 0.233277054230 0.0192441093967 -0.0545976226427 -0.0569184345904 -0.0673741512287
 -0.0330916695317 -0.204768478181 -0.456299589196 -0.302053926494 0.256458687993 0.614601090400 0.133648748665 -0.0971437005195 0.0322506491946 0.0396385980829 0.0281135465331 -0.0113531010866
 -0.0777183482703 0.168761583805 0.0719322312815 -0.0178000561702 -0.225640769858 0.0600241638527 0.0781969954020 0.0649679395058 0.0469973459878 -0.0192976765044 -0.0804531301096 -0.0699708602862
 -0.0824703377885 -0.336247816241 0.678128588701 -0.0645964265775 0.0324312227012 -0.172882301031 0.0376681694821 0.0427600344349 0.00942517594360 -0.00856424399389 -0.0731316420350 -0.0625194240590
 -0.0381302495648 -0.147459253918 -0.666460603656 0.731780727916 0.0307231796978 -0.117885062354 -0.00462003930888 0.0241791373351 0.0477561055563 0.0530495561479 0.0719610770625 0.0151029262385
 -0.0668319056315 0.0742272348543 0.00231539260961 -0.324681362374 0.439902684249 0.254830140486 -0.111806464744 -0.157792800904 -0.0616766179450 0.00217447379040 -0.00127825565108 -0.0493825127616
 -0.0941947003224 0.0918034476542 0.561948688222 -0.0754971559218 -0.306599915713 -0.0512200315288 -0.0606757046676 -0.0302525191090 -0.0759826518191 -0.0323611868798 0.0207852802217 0.0522464345711
 -0.0531741853403 0.0313830466468 -0.0534271756703 0.0160963522208 -0.0446128786264 0.00666075246152 0.0272294727282 -0.0605505211745 -0.0279246937696 0.00366716392815 0.0535440006511 0.101108316946
 -0.00136508645715 -0.0696675470668 -0.544718273137 -0.138613066325 -0.0750212924988 0.0421281158980 0.0599241860222 0.129355941109 0.144880296493 0.0793509941465 0.172395506951 0.201350027039
 -0.0296446474444 -0.346025139018 0.183309267463 0.0343960082835 -0.146593588361 -0.0838591011049 -0.0455185180946 -0.0109791337210 0.00697519490299 0.153510546103 0.154206808203 0.130222145228
 0.0121089272259 0.0770523429931 -0.608100480403 0.433270026826 0.158366941096 -0.253231354698 -0.0654852737692 0.0950958567253 0.0978712581512 0.0300682176047 -0.0362778224083 0.0592620828520
 0.0192448269542 -0.0570187886375 0.0365043732715 -1.07660066931 0.414138519429 0.348207832571 0.122810912098 0.0196032571373 0.0273032644901 0.101677555131 0.0673004850182 -0.0231713241076
 -0.0116791315188 0.200282337272 0.180862352731 0.602560757371 -1.09387399309 -0.0283973539242 0.000975581495284 0.0352790239479 0.0251630512822 -0.0401923728320 0.0378322001582 0.0911862195953
 0.0229884671844 -0.199736075514 0.0221554513740 -0.132350935447 0.499907887448 -0.626247556714 -0.141799463339 0.0530865563891 0.132054292541 0.154640720014 0.116570676941 0.0987295140552
 -0.00722939338442 0.157706388379 -0.0384794269393 -0.141049927921 -0.0988562167042 0.287314093883 0.123049510963 -0.149677714201 -0.129727202949 0.00126546354288 -0.00438861540267 7.28508828480e-05
 0.000562280870451 -0.479608842901 1.08552534127 0.188979379950 -0.176144138753 -0.0941191181719 -0.165930370045 -0.132985430280 -0.121980471474 -0.0477669726648 -0.0304444128348 -0.0260865470109
 0.0788461919325 -0.0139339220508 -1.45312048742 1.06822115392 0.294379043141 0.0233230079783 -0.0757364147941 0.229608079157 0.0717526187260 -0.105850022700 -0.0540126665053 -0.0634813381668
 0.0650606773994 0.281154846595 -0.262177460491 -1.11861668650 0.593011286406 0.330318085906 0.196143981259 -0.0913308060324 0.0928258274858 0.0281824698546 -0.0556154052305 -0.0589557052627
 0.0367271676256 0.358757091489 0.134818832095 -0.581259745036 0.0143868173913 0.175799122217 0.103705233306 0.0989602003674 -0.0670930664166 -0.0903743077898 -0.0929826759214 -0.0914446241693
 0.0582739575360 0.553620102657 0.204334444076 -0.363917578940 -1.24519589093 0.0829269065644 0.438346216166 0.199409143258 0.112207548320 0.106041867783 -0.0578702279249 -0.0881791200712
 -0.0328628563895 0.731221128389 0.457991571388 0.493523332220 0.178841953889 -0.430481759323 -0.531637578951 -0.459441454110 -0.185014151357 -0.147129795872 -0.0185939598978 -0.0564179913220
 -0.0179683338942 0.482118474316 0.969244851284 -0.133210448633 -0.113299248827 -0.578865576907 -0.164713863883 0.0858930979187 -0.153578405963 -0.150136416196 -0.124879371269 -0.100604749476
 0.0184523335078 0.184135054019 -0.267742516241 0.617540050559 0.0862268670268 -0.0526751739166 -0.192910450797 -0.0355882765214 -0.101412671020 -0.180577405513 -0.0492763252066 -0.0261714551888
 0.0413482162121 -0.374915802689 -0.0607945473006 0.0287554410355 0.586113542197 0.267300075049 -0.312451771728 -0.176848719428 -0.0172507425351 0.0370751868686 -0.0221507109601 0.00382010258424
 0.0230089821627 -0.0422010963797 0.0205727485261 0.0467891968634 -0.0493548700326 -0.0324665891437 0.0550927078564 -0.0199187300488 -0.0225461431886 0.0128023150382 0.00122755071383 0.00699392591523
 0.00000000000 0.00000000000 0.00000000000 0.00000000000 0.00000000000 0.00000000000 0.00000000000 0.00000000000 0.00000000000 0.00000000000 0.00000000000 0.00000000000
# sel_devs_bts:
 0.00000000000 0.00000000000 0.00000000000 0.00000000000 0.00000000000 0.00000000000 0.00000000000 0.00000000000
 0.00000000000 0.00000000000 0.00000000000 0.00000000000 0.00000000000 0.00000000000 0.00000000000 0.00000000000
 0.00000000000 0.00000000000 0.00000000000 0.00000000000 0.00000000000 0.00000000000 0.00000000000 0.00000000000
 0.00000000000 0.00000000000 0.00000000000 0.00000000000 0.00000000000 0.00000000000 0.00000000000 0.00000000000
 0.00000000000 0.00000000000 0.00000000000 0.00000000000 0.00000000000 0.00000000000 0.00000000000 0.00000000000
 0.00000000000 0.00000000000 0.00000000000 0.00000000000 0.00000000000 0.00000000000 0.00000000000 0.00000000000
 0.00000000000 0.00000000000 0.00000000000 0.00000000000 0.00000000000 0.00000000000 0.00000000000 0.00000000000
 0.00000000000 0.00000000000 0.00000000000 0.00000000000 0.00000000000 0.00000000000 0.00000000000 0.00000000000
 0.00000000000 0.00000000000 0.00000000000 0.00000000000 0.00000000000 0.00000000000 0.00000000000 0.00000000000
 0.00000000000 0.00000000000 0.00000000000 0.00000000000 0.00000000000 0.00000000000 0.00000000000 0.00000000000
 0.00000000000 0.00000000000 0.00000000000 0.00000000000 0.00000000000 0.00000000000 0.00000000000 0.00000000000
 0.00000000000 0.00000000000 0.00000000000 0.00000000000 0.00000000000 0.00000000000 0.00000000000 0.00000000000
 0.00000000000 0.00000000000 0.00000000000 0.00000000000 0.00000000000 0.00000000000 0.00000000000 0.00000000000
 0.00000000000 0.00000000000 0.00000000000 0.00000000000 0.00000000000 0.00000000000 0.00000000000 0.00000000000
 0.00000000000 0.00000000000 0.00000000000 0.00000000000 0.00000000000 0.00000000000 0.00000000000 0.00000000000
 0.00000000000 0.00000000000 0.00000000000 0.00000000000 0.00000000000 0.00000000000 0.00000000000 0.00000000000
 0.00000000000 0.00000000000 0.00000000000 0.00000000000 0.00000000000 0.00000000000 0.00000000000 0.00000000000
 0.00000000000 0.00000000000 0.00000000000 0.00000000000 0.00000000000 0.00000000000 0.00000000000 0.00000000000
 0.00000000000 0.00000000000 0.00000000000 0.00000000000 0.00000000000 0.00000000000 0.00000000000 0.00000000000
 0.00000000000 0.00000000000 0.00000000000 0.00000000000 0.00000000000 0.00000000000 0.00000000000 0.00000000000
 0.00000000000 0.00000000000 0.00000000000 0.00000000000 0.00000000000 0.00000000000 0.00000000000 0.00000000000
 0.00000000000 0.00000000000 0.00000000000 0.00000000000 0.00000000000 0.00000000000 0.00000000000 0.00000000000
 0.00000000000 0.00000000000 0.00000000000 0.00000000000 0.00000000000 0.00000000000 0.00000000000 0.00000000000
 0.00000000000 0.00000000000 0.00000000000 0.00000000000 0.00000000000 0.00000000000 0.00000000000 0.00000000000
 0.00000000000 0.00000000000 0.00000000000 0.00000000000 0.00000000000 0.00000000000 0.00000000000 0.00000000000
 0.00000000000 0.00000000000 0.00000000000 0.00000000000 0.00000000000 0.00000000000 0.00000000000 0.00000000000
 0.00000000000 0.00000000000 0.00000000000 0.00000000000 0.00000000000 0.00000000000 0.00000000000 0.00000000000
 0.00000000000 0.00000000000 0.00000000000 0.00000000000 0.00000000000 0.00000000000 0.00000000000 0.00000000000
 0.00000000000 0.00000000000 0.00000000000 0.00000000000 0.00000000000 0.00000000000 0.00000000000 0.00000000000
 0.00000000000 0.00000000000 0.00000000000 0.00000000000 0.00000000000 0.00000000000 0.00000000000 0.00000000000
 0.00000000000 0.00000000000 0.00000000000 0.00000000000 0.00000000000 0.00000000000 0.00000000000 0.00000000000
 0.00000000000 0.00000000000 0.00000000000 0.00000000000 0.00000000000 0.00000000000 0.00000000000 0.00000000000
 0.00000000000 0.00000000000 0.00000000000 0.00000000000 0.00000000000 0.00000000000 0.00000000000 0.00000000000
 0.00000000000 0.00000000000 0.00000000000 0.00000000000 0.00000000000 0.00000000000 0.00000000000 0.00000000000
 0.00000000000 0.00000000000 0.00000000000 0.00000000000 0.00000000000 0.00000000000 0.00000000000 0.00000000000
 0.00000000000 0.00000000000 0.00000000000 0.00000000000 0.00000000000 0.00000000000 0.00000000000 0.00000000000
 0.00000000000 0.00000000000 0.00000000000 0.00000000000 0.00000000000 0.00000000000 0.00000000000 0.00000000000
 0.00000000000 0.00000000000 0.00000000000 0.00000000000 0.00000000000 0.00000000000 0.00000000000 0.00000000000
 0.00000000000 0.00000000000 0.00000000000 0.00000000000 0.00000000000 0.00000000000 0.00000000000 0.00000000000
 0.00000000000 0.00000000000 0.00000000000 0.00000000000 0.00000000000 0.00000000000 0.00000000000 0.00000000000
 0.00000000000 0.00000000000 0.00000000000 0.00000000000 0.00000000000 0.00000000000 0.00000000000 0.00000000000
 0.00000000000 0.00000000000 0.00000000000 0.00000000000 0.00000000000 0.00000000000 0.00000000000 0.00000000000
# sel_devs_ats:
 0.322621131362 0.333487812176 0.307442027430 0.300406825137 0.316796305487 0.322023052867 0.317721224218
 0.363331833626 0.363472065321 0.358614180508 0.351178824907 0.353930072268 0.359580067840 0.362670056668
 0.434884821161 0.427485145592 0.397340139155 0.410776923172 0.398374831097 0.402894187017 0.393418315353
 0.407598456553 0.489915403490 0.480666374884 0.443372273861 0.450055006557 0.454700225939 0.428600818518
 0.438299004120 0.524562836182 0.519699658974 0.484882306353 0.477229601275 0.492344295595 0.465777367193
 0.475321953562 0.498590910133 0.554884730561 0.519610088710 0.525450417564 0.496424307486 0.501511152331
 0.545905954799 0.540381141559 0.523849671385 0.552225102409 0.557106355136 0.538475214467 0.523248630209
 0.549886488089 0.566471353615 0.554982911163 0.568643397487 0.574207538913 0.560984994478 0.544443197572
 0.516343237606 0.514316746684 0.586196431169 0.602556229630 0.586811165923 0.574661426260 0.571841383100
 0.512607897628 0.528288675641 0.614138532442 0.614922650381 0.597421541270 0.589704265563 0.585932099079
 0.615498466538 0.581341960064 0.520399136776 0.552103092422 0.582867096481 0.591635554480 0.595552035235
 0.596169569828 0.573596771353 0.531055884371 0.549137181488 0.576748027077 0.588956365128 0.592287170922
 0.606322609938 0.591875029468 0.561080860340 0.573087253648 0.582761611858 0.572511808832 0.578182805891
 0.622100593038 0.592330952986 0.543346315798 0.534471441912 0.545080309802 0.560490334833 0.576841938989
 0.583468469931 0.577675207044 0.547999535242 0.545629357936 0.555259500391 0.565540761816 0.566989969121
 0.588497217420 0.548375641879 0.566464616881 0.536683432736 0.540463719662 0.548156266199 0.539079032332
 0.565757244990 0.540717031939 0.512180087893 0.521479988592 0.530458199501 0.536754588191 0.524218461217
 0.563740216701 0.527362739862 0.499129473392 0.509654456151 0.521156141827 0.528050868108 0.511669947925
 0.530731780731 0.542893156937 0.568754767296 0.553777695187 0.548556860133 0.532708588318 0.496341096973
 0.551747968225 0.536885103878 0.573700432065 0.556782299357 0.556075503114 0.547400985583 0.499922163969
 0.461628584552 0.585228068769 0.608072419214 0.583141084750 0.555937393996 0.553133541037 0.536869819655
 0.460646054138 0.552025398505 0.631255649656 0.581911789636 0.557524213181 0.547225046582 0.580735278474
 0.577712842767 0.530126713762 0.481215220312 0.571094813739 0.588214447890 0.583210441701 0.609618947685
 0.582344637723 0.553126232989 0.529743873589 0.600695571623 0.606294586106 0.606636638692 0.621581418281
 0.604438002566 0.616743337491 0.652243471883 0.632461306823 0.628789283589 0.619206550864 0.623463194484
 0.616930147633 0.639163086691 0.674604242296 0.651384275443 0.640124752001 0.641699811078 0.648913520790
 0.633397116298 0.651406310323 0.697092663120 0.669862803063 0.660479490446 0.664152836711 0.669164467660
 0.634411691259 0.647257337856 0.727949382654 0.680332557703 0.675932734246 0.681399399038 0.685920146470
 0.693211135696 0.682325312454 0.608872613490 0.672219022098 0.693954767066 0.701475154535 0.700180716783
 0.681576726972 0.679182291411 0.630542471205 0.675593188418 0.697643035891 0.708381874701 0.702602118778
# sel_coffs_fsh:
 -3.50984158682 -1.59277391631 -0.423992235235 0.329464316033 0.299712286312 0.270881250987 0.223680481177 0.184309566402 0.158041951583 0.143038299806 0.134791830057 0.130280789503
# sel_coffs_bts:
 -0.0100000000000 -0.0100000000000 -0.0100000000000 -0.0100000000000 -0.0100000000000 -0.0100000000000 -0.0100000000000 -0.0100000000000
# sel_coffs_ats:
 -0.156639389588 -0.159476302006 0.0196536022561 0.143627411588 0.185720723310 0.285274692047 0.419698165232
# sel_slp_bts:
0.496530146346
# sel_a50_bts:
6.17066347910
# sel_age_one_bts:
-3.09753219769
# sel_slp_bts_dev_est:
 0.734337566829 0.691587894180 0.277007851196 0.330708847054 0.224262812068 0.117511515714 0.219795717148 1.00918962428 0.909477119639 0.860267595809 0.998370684088 0.965480019481 0.918645205187 0.549100866326 0.396372512198 0.175537658479 0.0810500045865 0.345718216252 0.204998670108 0.622008703545 0.859758245956 0.767527378250 0.893370076910 0.603312499718 1.02225082682 1.23057815743 0.929475848893 1.43849562160 1.23869448150 0.894246538797 0.987184044247 1.21772324738 1.12001062230 1.11135067011 0.933910125382 0.343411195248 0.689496710114 0.579507261827 0.500792671636 0.669005747289 0.360771276860 0.456769467391
# sel_a50_bts_dev_est:
 -0.143028223089 -0.0193259564931 0.0952375195876 0.119418075451 0.0836253039960 -0.0307154424947 -0.0777998147714 -0.195982622318 -0.118275924632 -0.120840794866 -0.155559972583 -0.0750651847931 0.0163511310729 0.199070008151 0.236529586349 0.326915270640 0.291083141693 0.157352501925 0.192229271654 0.0682472017096 0.0188227227713 0.0521994514196 -0.00603150932560 0.101881265933 -0.0729081896490 -0.108051394375 -0.0188289978507 -0.199101459830 -0.0825943070564 -0.0381789413028 -0.0662126731391 -0.149637810528 -0.195498406967 -0.135195497755 -0.0576750282288 0.166315463143 -0.00939795483038 0.0663320375076 0.134340882021 0.0529403284870 0.206573645089 0.0538905139100
# sel_age_one_bts_dev_est:
 0.0392399949542 0.0716807639525 -0.183387318569 -0.368496976805 -0.204063815057 -0.257789378612 -0.0202830678459 0.125454794911 -0.135567402209 0.00218665340387 0.0579997873541 -0.0619965707142 -0.0867696790297 -0.0738759759859 0.0248298360650 0.0821182719446 0.133411794183 0.214716678647 0.0984673764187 0.0981998448714 0.251274362524 0.0747179428390 -0.000316374602891 -0.00574897306455 -0.0288753200082 0.193380002507 0.370731623823 0.336964532524 -0.0658776374197 -0.0513562744737 0.211412673835 0.169643298398 0.0588030895411 -0.0468462327623 -0.0541524348336 -0.00995871859677 0.267820244597 0.124619723899 -0.0185808733940 0.0484275838549 0.0112845795809 0.00488229230428
# sel_dif1_fsh:
1.00000000000
# sel_a501_fsh:
3.00000000000
# sel_trm2_fsh:
0.900000000000
# sel_dif2_fsh:
5.00000000000
# sel_dif1_fsh_dev:
 0.00000000000 0.00000000000 0.00000000000 0.00000000000 0.00000000000 0.00000000000 0.00000000000 0.00000000000 0.00000000000 0.00000000000 0.00000000000 0.00000000000 0.00000000000 0.00000000000 0.00000000000 0.00000000000 0.00000000000 0.00000000000 0.00000000000 0.00000000000 0.00000000000 0.00000000000 0.00000000000 0.00000000000 0.00000000000 0.00000000000 0.00000000000 0.00000000000 0.00000000000 0.00000000000 0.00000000000 0.00000000000 0.00000000000 0.00000000000 0.00000000000 0.00000000000 0.00000000000 0.00000000000 0.00000000000 0.00000000000 0.00000000000 0.00000000000 0.00000000000 0.00000000000 0.00000000000 0.00000000000 0.00000000000 0.00000000000 0.00000000000 0.00000000000 0.00000000000 0.00000000000 0.00000000000 0.00000000000 0.00000000000 0.00000000000 0.00000000000 0.00000000000 0.00000000000 0.00000000000 0.00000000000
# sel_a501_fsh_dev:
 0.00000000000 0.00000000000 0.00000000000 0.00000000000 0.00000000000 0.00000000000 0.00000000000 0.00000000000 0.00000000000 0.00000000000 0.00000000000 0.00000000000 0.00000000000 0.00000000000 0.00000000000 0.00000000000 0.00000000000 0.00000000000 0.00000000000 0.00000000000 0.00000000000 0.00000000000 0.00000000000 0.00000000000 0.00000000000 0.00000000000 0.00000000000 0.00000000000 0.00000000000 0.00000000000 0.00000000000 0.00000000000 0.00000000000 0.00000000000 0.00000000000 0.00000000000 0.00000000000 0.00000000000 0.00000000000 0.00000000000 0.00000000000 0.00000000000 0.00000000000 0.00000000000 0.00000000000 0.00000000000 0.00000000000 0.00000000000 0.00000000000 0.00000000000 0.00000000000 0.00000000000 0.00000000000 0.00000000000 0.00000000000 0.00000000000 0.00000000000 0.00000000000 0.00000000000 0.00000000000 0.00000000000
# sel_trm2_fsh_dev:
 0.00000000000 0.00000000000 0.00000000000 0.00000000000 0.00000000000 0.00000000000 0.00000000000 0.00000000000 0.00000000000 0.00000000000 0.00000000000 0.00000000000 0.00000000000 0.00000000000 0.00000000000 0.00000000000 0.00000000000 0.00000000000 0.00000000000 0.00000000000 0.00000000000 0.00000000000 0.00000000000 0.00000000000 0.00000000000 0.00000000000 0.00000000000 0.00000000000 0.00000000000 0.00000000000 0.00000000000 0.00000000000 0.00000000000 0.00000000000 0.00000000000 0.00000000000 0.00000000000 0.00000000000 0.00000000000 0.00000000000 0.00000000000 0.00000000000 0.00000000000 0.00000000000 0.00000000000 0.00000000000 0.00000000000 0.00000000000 0.00000000000 0.00000000000 0.00000000000 0.00000000000 0.00000000000 0.00000000000 0.00000000000 0.00000000000 0.00000000000 0.00000000000 0.00000000000 0.00000000000 0.00000000000
# rec_dev_future:
 0.00000000000 0.00000000000 0.00000000000 0.00000000000 0.00000000000
# M_dev:
 0.00000000000 0.00000000000 0.00000000000 0.00000000000 0.00000000000 0.00000000000 0.00000000000 0.00000000000 0.00000000000 0.00000000000 0.00000000000 0.00000000000 0.00000000000 0.00000000000 0.00000000000 0.00000000000 0.00000000000 0.00000000000 0.00000000000 0.00000000000 0.00000000000 0.00000000000 0.00000000000 0.00000000000 0.00000000000 0.00000000000 0.00000000000 0.00000000000 0.00000000000 0.00000000000 0.00000000000 0.00000000000 0.00000000000 0.00000000000 0.00000000000 0.00000000000 0.00000000000 0.00000000000 0.00000000000 0.00000000000 0.00000000000 0.00000000000 0.00000000000 0.00000000000 0.00000000000 0.00000000000 0.00000000000 0.00000000000 0.00000000000 0.00000000000 0.00000000000 0.00000000000 0.00000000000 0.00000000000 0.00000000000 0.00000000000 0.00000000000 0.00000000000 0.00000000000 0.00000000000
# L1:
28.3062069824
# L2:
44.8853389604
# log_alpha:
-11.0000000000
# log_K:
-0.135566578465
# d_scale:
 0.850000000000 0.850000000000 0.850000000000 0.850000000000 0.850000000000 0.850000000000 0.850000000000 0.850000000000 0.850000000000 0.850000000000 0.850000000000 0.850000000000 0.850000000000
# coh_eff:
 0.00000000000 0.00000000000 0.00000000000 0.00000000000 0.00000000000 0.00000000000 0.00000000000 0.00000000000 0.00000000000 0.00000000000 0.00000000000 0.00000000000 0.00000000000 0.00000000000 0.00000000000 0.00000000000 0.00000000000 0.00000000000 0.00000000000 0.00000000000 0.00000000000 0.00000000000 0.00000000000 0.00000000000 0.00000000000 0.00000000000 0.00000000000 0.00000000000 0.00000000000 0.00000000000 0.00000000000 0.00000000000 0.00000000000 0.00000000000 0.00000000000 0.00000000000 0.00000000000 0.00000000000 0.00000000000 0.00000000000 0.00000000000 0.00000000000 0.00000000000 0.00000000000 0.00000000000 0.00000000000 0.00000000000 0.00000000000 0.00000000000 0.00000000000 0.00000000000 0.00000000000 0.00000000000 0.00000000000 0.00000000000 0.00000000000 0.00000000000 0.00000000000 0.00000000000 0.00000000000 0.00000000000 0.00000000000 0.00000000000 0.00000000000 0.00000000000 0.00000000000 0.00000000000 0.00000000000 0.00000000000 0.00000000000 0.00000000000 0.00000000000
# yr_eff:
 0.00000000000 0.00000000000 0.00000000000 0.00000000000 0.00000000000 0.00000000000 0.00000000000 0.00000000000 0.00000000000 0.00000000000 0.00000000000 0.00000000000 0.00000000000 0.00000000000 0.00000000000 0.00000000000 0.00000000000 0.00000000000 0.00000000000 0.00000000000 0.00000000000 0.00000000000 0.00000000000 0.00000000000 0.00000000000 0.00000000000 0.00000000000 0.00000000000 0.00000000000 0.00000000000 0.00000000000 0.00000000000 0.00000000000 0.00000000000 0.00000000000 0.00000000000 0.00000000000 0.00000000000 0.00000000000 0.00000000000 0.00000000000 0.00000000000 0.00000000000 0.00000000000 0.00000000000 0.00000000000 0.00000000000 0.00000000000 0.00000000000 0.00000000000 0.00000000000 0.00000000000 0.00000000000 0.00000000000 0.00000000000 0.00000000000 0.00000000000 0.00000000000 0.00000000000 0.00000000000
# resid_temp_x1:
0.00000000000
# resid_temp_x2:
0.00000000000
# log_a_II:
 -6.00000000000 -6.00000000000 -6.00000000000
 -6.00000000000 -6.00000000000 -6.00000000000
# log_b_II:
 6.00000000000 6.00000000000 6.00000000000
 6.00000000000 6.00000000000 6.00000000000
# log_a_II_vec:
 -4.00000000000 -4.00000000000
# log_b_II_vec:
 2.50000000000 2.50000000000
# log_rho:
 -2.50000000000 -2.50000000000 -2.50000000000
 -2.50000000000 -2.50000000000 -2.50000000000
# log_resid_M:
 -1.45000000000 -1.45000000000 -1.45000000000
