    unsorted:	 148511.9620 148517.3199 148478.1259 148463.8211 148368.8107 148192.7243 148160.0914 148142.0143 148677.5134 148790.5577 147657.6417 147685.1600 147572.5530 147506.2973 147443.8430 147392.9919 147316.7244 147231.2416 148942.2144 149000.7226 149063.0532 147030.8425 146888.6613 149240.4595 146556.5980 146517.9835 146486.4073 146408.3648 146278.8094 149479.4895 149967.3203 145476.6025 145031.9133 144993.6197 150898.7135 152130.8935 142832.4790 153802.7365 140028.2613 2138.774435 2147.710950 2117.693638 2088.460657 2055.415030 2206.798418 1999.003621 1961.284087 1913.989538 2269.539980 1862.045926 1805.060139 1747.076303 2416.130882 2629.724323 1556.761497 2861.378182 1299.337879 3058.329213 876.4549316 3723.838467 3946.207728 556.4996000 422.8075269 315.4311600 4515.052531 5880.073493 8600.741631 10618.78949 12234.02462 13685.40065 15749.66879 17396.90818 17660.23185 19193.72327 19632.90096 22014.72727 22085.43050 22433.75774 25595.37333 26595.35338 27398.94572 28519.38731 29194.58452 33100.93294 32492.70899 34471.67193 37016.07551 42920.09358 42267.76039 44427.22419 45135.07380 48094.90023 48460.96525 52560.11921 55806.63652 58429.26735 58780.73920 60299.10133 61813.03311 63657.51263 66306.80777 68139.44566 70571.76559 72072.90639 73406.54886 77640.91791 78892.20073 82500.53184 83526.75489 86354.28031 86739.26835 89111.97729 134246.9117 96077.67183 158527.6505 100769.2313 104702.5501 105506.3436 112286.3216 163021.0840 163929.8391 172829.5380 187401.7632 241338.7290 254709.1656 309351.0263 451081.5477 7.209709386e-06
      sorted:	 7.209709386e-06 315.4311600 422.8075269 556.4996000 876.4549316 1299.337879 1556.761497 1747.076303 1805.060139 1862.045926 1913.989538 1961.284087 1999.003621 2055.415030 2088.460657 2117.693638 2138.774435 2147.710950 2206.798418 2269.539980 2416.130882 2629.724323 2861.378182 3058.329213 3723.838467 3946.207728 4515.052531 5880.073493 8600.741631 10618.78949 12234.02462 13685.40065 15749.66879 17396.90818 17660.23185 19193.72327 19632.90096 22014.72727 22085.43050 22433.75774 25595.37333 26595.35338 27398.94572 28519.38731 29194.58452 32492.70899 33100.93294 34471.67193 37016.07551 42267.76039 42920.09358 44427.22419 45135.07380 48094.90023 48460.96525 52560.11921 55806.63652 58429.26735 58780.73920 60299.10133 61813.03311 63657.51263 66306.80777 68139.44566 70571.76559 72072.90639 73406.54886 77640.91791 78892.20073 82500.53184 83526.75489 86354.28031 86739.26835 89111.97729 96077.67183 100769.2313 104702.5501 105506.3436 112286.3216 134246.9117 140028.2613 142832.4790 144993.6197 145031.9133 145476.6025 146278.8094 146408.3648 146486.4073 146517.9835 146556.5980 146888.6613 147030.8425 147231.2416 147316.7244 147392.9919 147443.8430 147506.2973 147572.5530 147657.6417 147685.1600 148142.0143 148160.0914 148192.7243 148368.8107 148463.8211 148478.1259 148511.9620 148517.3199 148677.5134 148790.5577 148942.2144 149000.7226 149063.0532 149240.4595 149479.4895 149967.3203 150898.7135 152130.8935 153802.7365 158527.6505 163021.0840 163929.8391 172829.5380 187401.7632 241338.7290 254709.1656 309351.0263 451081.5477
